Kinase	down (Experiment01)	up (Experiment01)	not (Experiment01)	-Log10 p_value (Experiment01)	Log2 Enrichment (Experiment01)	-Log10 p_value adjusted (Experiment01)	down (Experiment02)	up (Experiment02)	not (Experiment02)	-Log10 p_value (Experiment02)	Log2 Enrichment (Experiment02)	-Log10 p_value adjusted (Experiment02)
AAK1	1.5	0.5	0.0	0.1117591340469754	0.1493776240382266	0.1082855441663509	0.5	1.5	0.0	0.2063152416615545	0.8930847960834881	0.1594417202030498
ABL1	5.0	0.3333333333333333	0.0	0.5643093814145396	-2.2375359075969903	0.1361267601919814	5.333333333333333	0.0	0.0	1.9274155929198653	-3.530070742225084	1.1383609795258969
ABL2	6.75	0.0	0.0	0.420165111370299	-1.365094079304795	0.1361267601919814	6.75	0.0	0.0	2.3293417521335686	-3.871206945715844	1.3492187237142663
ACVR1	1.5000000000000002	7.333333333333333	0.0	3.970592007927048	4.435972645813308	1.4130848060213903	1.0	7.333333333333333	0.0	1.493152486385716	2.285948797781796	0.8197365865220853
ACVR1B	1.0	0.3333333333333333	0.0	-0.0	0.0	-0.0	1.3333333333333333	1.0	0.0	0.2137139637345858	-1.1433641751711772	0.1594417202030498
ACVR2A	1.5	2.0	0.0	0.8680814762879236	2.230297619421794	0.1361267601919814	0.5	3.0	0.0	0.6189943715031487	1.92283213947754	0.2843970281928991
ACVR2B	1.5000000000000002	3.0	0.0	1.4069083826449913	2.871843648509317	0.1361267601919814	1.5000000000000002	3.0	0.0	0.2857796924677664	0.3058084295240852	0.1594417202030498
AKT1	3.333333333333333	1.0	0.0	0.1805522963401788	-0.0053532344942066	0.1361267601919814	1.3333333333333333	3.0	0.0	0.2857796924677664	0.4811266897366161	0.1594417202030498
AKT2	10.166666666666666	0.0	0.0	0.7957323465695773	-1.9496555957798176	0.1361267601919814	0.8333333333333333	9.333333333333332	0.0	1.94207474959986	2.945524049067737	1.1383609795258969
AKT3	9.166666666666666	0.0	0.0	0.6963365742502098	-1.7971964866147632	0.1361267601919814	0.8333333333333333	8.333333333333332	0.0	1.7162957063550712	2.760220946466509	0.9824638840197852
ALK	2.5	0.0	0.0	0.1707369968424995	-0.1496360789011337	0.1361267601919814	2.5	0.0	0.0	0.8178611307220651	-2.579549004534792	0.4071736183413325
ALPK1	2.5	0.6666666666666666	0.0	0.2245997490320073	-0.1796342124222405	0.1361267601919814	1.5000000000000002	1.6666666666666667	0.0	0.2109152262197628	-0.5686606883920557	0.1594417202030498
ATM	0.5	0.0	0.0	0.3697458080334412	1.1039509640389082	0.1361267601919814	0.0	0.5	0.0	0.2032324828163391	-0.0988533869262855	0.1594417202030498
ATR	3.916666666666667	0.3333333333333333	0.0	0.3385431013388439	-1.867582145304072	0.1361267601919814	0.5833333333333333	3.666666666666667	0.0	0.6257277541621172	2.0007221298428357	0.2843970281928991
AURKA	6.333333333333333	0.0	0.0	0.420165111370299	-1.2784936244725669	0.1361267601919814	0.0	7.0	0.0	1.1157313153650787	2.4460643948994685	0.5601460641116087
AURKB	3.0	0.0	0.0	0.1842427332379825	-0.3501863549288757	0.1361267601919814	1.0	3.0	0.0	0.2935397765077493	0.9068905956085184	0.1594417202030498
AURKC	10.0	0.0	0.0	0.7851403529756975	-1.925095190986109	0.1361267601919814	1.0	10.0	0.0	1.4723439943263867	2.7914133781885826	0.8155273562822178
AXL	11.333333333333332	1.0	0.0	0.7516070621755888	-1.905712404411237	0.1361267601919814	12.333333333333332	0.0	0.0	4.988340465964622	-4.869415890189855	2.559983929656915
BCKDK	1.5	2.0	0.0	0.8680814762879236	2.230297619421794	0.1361267601919814	0.25	4.25	0.0	0.8389273946699604	3.4585044367024995	0.4071736183413325
BLK	1.0	1.1666666666666663	0.0	0.3970285823524169	2.0	0.1361267601919814	2.1666666666666665	0.0	0.0	0.8178611307220651	-2.4243926643305467	0.4071736183413325
BMP2K	1.5	0.5	0.0	0.1117591340469754	0.1493776240382266	0.1082855441663509	0.5	1.5	0.0	0.2063152416615545	0.8930847960834881	0.1594417202030498
BMPR1A	2.0	5.0	0.0	2.140711199862467	3.306160779029046	0.429070474294054	1.0	5.5	0.0	1.0545271950093151	1.832343642243465	0.5438385926433842
BMPR1B	2.0	5.5	0.0	2.20181027746255	3.475373162506319	0.429070474294054	0.5	7.0	0.0	1.4767029382644574	3.227686721005961	0.8155273562822178
BMPR2	1.0	0.5	0.0	0.1106982974936897	0.7422022425323533	0.1082855441663509	0.0	0.5	0.0	0.2032324828163391	-0.0988533869262855	0.1594417202030498
BMX	5.083333333333334	2.5	0.0	0.3011024029026582	0.7617926989475278	0.1361267601919814	7.583333333333333	0.0	0.0	2.744132508349793	-4.0487316672874085	1.4629794842665094
BRSK1	2.5	3.0	0.0	1.0843027557252098	2.1190241031422747	0.1361267601919814	0.5	5.0	0.0	1.043047377325885	2.700439718141092	0.5386967350396421
BRSK2	1.0	0.5	0.0	0.1106982974936897	0.7422022425323533	0.1082855441663509	1.5	0.0	0.0	0.493921855593872	-2.0620609681322515	0.221596461553103
BTK	3.5	1.5	0.0	0.188341499831776	0.5335029013646093	0.1361267601919814	5.0	0.0	0.0	1.893703512816716	-3.440572591385981	1.1261885772788576
BUB1	1.5	0.0	0.0	0.245825347347446	0.3514723705013778	0.1361267601919814	0.0	1.5	0.0	0.1753552779992849	0.6573484261028382	0.1594417202030498
CAMK1	2.0	0.0	0.0	0.1729491989647749	0.0806184602082846	0.1361267601919814	0.0	2.0	0.0	0.2993494228083974	0.9300979867698438	0.1594417202030498
CAMK1D	3.0	3.0	0.0	0.8668515713338911	1.84799690655495	0.1361267601919814	0.5	5.5	0.0	1.0545271950093151	2.848285186112486	0.5438385926433842
CAMK1G	1.0	0.5	0.0	0.1106982974936897	0.7422022425323533	0.1082855441663509	0.0	1.5	0.0	0.1753552779992849	0.6573484261028382	0.1594417202030498
CAMK2A	11.333333333333336	5.666666666666667	0.0	0.5547842816795379	0.870548748544798	0.1361267601919814	3.75	11.750000000000002	0.0	0.8363026401656466	1.0655841176569931	0.4071736183413325
CAMK2B	7.5	5.666666666666667	0.0	0.9909605261886676	1.532335570069946	0.1361267601919814	3.0	8.666666666666666	0.0	0.4844680711779318	0.9051173515783848	0.221596461553103
CAMK2D	4.0	1.0	0.0	0.1721912868090957	-0.2791540711970708	0.1361267601919814	2.0	2.0	0.0	0.3086516681065189	-0.7303929402427201	0.1594417202030498
CAMK2G	5.000000000000001	3.666666666666667	0.0	0.5918055655639468	1.4071105835072149	0.1361267601919814	0.7499999999999999	7.416666666666666	0.0	1.493152486385716	2.727058713111174	0.8197365865220853
CAMK4	4.5	1.0	0.0	0.1748574829680208	-0.4572069535227833	0.1361267601919814	1.25	4.25	0.0	0.4298032190454091	1.104692280795351	0.221596461553103
CAMKK1	3.0	0.0	0.0	0.1842427332379825	-0.3501863549288757	0.1361267601919814	0.0	2.0	0.0	0.2993494228083974	0.9300979867698438	0.1594417202030498
CAMKK2	3.0	0.0	0.0	0.1842427332379825	-0.3501863549288757	0.1361267601919814	0.5	2.5	0.0	0.414874388847224	1.649813645071124	0.221596461553103
CDC42BPA	2.5	0.0	0.0	0.1707369968424995	-0.1496360789011337	0.1361267601919814	1.25	2.25	0.0	0.1670899051364679	0.1469373409109226	0.1594417202030498
CDC7	5.5	5.666666666666667	0.0	1.335099082372674	2.0131531439875987	0.1361267601919814	0.3333333333333333	11.333333333333334	0.0	2.4018006020719658	4.608066096175118	1.3492187237142663
CDK1	4.833333333333332	2.1666666666666665	0.0	0.3852325730692266	0.6134582298533087	0.1361267601919814	0.3333333333333333	6.666666666666667	0.0	1.2725829556085326	3.740480078342443	0.6512728332994
CDK10	2.25	1.5	0.0	0.2665011034315712	1.1909427827113954	0.1361267601919814	0.75	4.0	0.0	0.829847736818042	1.7651362668573671	0.4071736183413325
CDK12	2.833333333333333	1.3333333333333337	0.0	0.2665011034315712	0.6700938476891138	0.1361267601919814	0.3333333333333333	3.833333333333333	0.0	0.6257277541621172	2.883501779397049	0.2843970281928991
CDK13	4.333333333333334	1.3333333333333337	0.0	0.1660040612263007	0.0329146224727351	0.1361267601919814	0.3333333333333333	5.333333333333334	0.0	1.0545271950093151	3.3906729508796443	0.5438385926433842
CDK14	1.0	1.0	0.0	0.386428981583118	1.7686744538935444	0.1361267601919814	0.0	2.0	0.0	0.2993494228083974	0.9300979867698438	0.1594417202030498
CDK16	4.499999999999999	1.0	0.0	0.1748574829680208	-0.4572069535227831	0.1361267601919814	0.3333333333333333	6.166666666666666	0.0	1.2725829556085326	3.617487477170031	0.6512728332994
CDK17	4.499999999999999	0.0	0.0	0.2587653937709713	-0.8335968365006127	0.1361267601919814	0.3333333333333333	5.166666666666666	0.0	1.0545271950093151	3.3414219596480503	0.5438385926433842
CDK18	2.5	0.0	0.0	0.1707369968424995	-0.1496360789011337	0.1361267601919814	0.0	3.5	0.0	0.4490692140980899	1.5446047631050153	0.221596461553103
CDK19	4.25	1.0	0.0	0.1748574829680208	-0.3706751290217636	0.1361267601919814	0.75	4.5	0.0	0.8389273946699604	1.945257035405568	0.4071736183413325
CDK2	3.333333333333333	1.6666666666666667	0.0	0.188341499831776	0.7676816143795214	0.1361267601919814	1.0	4.0	0.0	0.4340666115406488	1.3421059768249928	0.221596461553103
CDK3	2.5	1.6666666666666667	0.0	0.2665011034315712	1.1960651389061026	0.1361267601919814	0.0	5.166666666666666	0.0	0.7735358980876508	2.032723186281523	0.3749972752865131
CDK4	2.333333333333333	2.5	0.0	0.6553528951789793	1.9296106721086024	0.1361267601919814	0.0	4.833333333333334	0.0	0.6063438244994758	1.9457796090021136	0.2819656463709122
CDK5	3.8333333333333335	1.5	0.0	0.188341499831776	0.3968751713894531	0.1361267601919814	0.3333333333333333	4.999999999999999	0.0	0.8389273946699604	3.2906771609029226	0.4071736183413325
CDK6	3.333333333333333	1.5	0.0	0.188341499831776	0.6065763138272185	0.1361267601919814	0.3333333333333333	4.499999999999999	0.0	0.8389273946699604	3.1284057320040453	0.4071736183413325
CDK7	1.25	0.0	0.0	0.245825347347446	0.5073693800509188	0.1361267601919814	0.25	1.0	0.0	0.2041199826559248	1.3062464726550926	0.1594417202030498
CDK8	5.749999999999999	1.3333333333333337	0.0	0.2305317563650291	-0.3984068247347228	0.1361267601919814	1.9166666666666663	5.166666666666666	0.0	0.5812323481427057	0.7669518327445368	0.2715853235474865
CDK9	1.0	2.333333333333333	0.0	0.897399519007722	3.0641303374197157	0.1361267601919814	0.3333333333333333	3.0	0.0	0.6189943715031487	2.5130695822393703	0.2843970281928991
CDKL1	4.0	2.0	0.0	0.3736178962552793	0.7752937128253056	0.1361267601919814	1.0	5.0	0.0	0.5867566488495585	1.6844981742720706	0.2723626916275958
CDKL5	10.0	0.5	0.0	1.157332930256353	-2.728248377065097	0.1361267601919814	1.0	9.5	0.0	1.301096692241528	2.70635760823581	0.6512728332994
CHEK1	4.0	0.0	0.0	0.2550358653803948	-0.6880559936852598	0.1361267601919814	1.0	2.0	0.0	0.1689381393362367	0.3020285374496575	0.1594417202030498
CHUK	5.083333333333333	0.3333333333333333	0.0	0.5698262521242927	-2.2627494853152634	0.1361267601919814	1.9166666666666663	4.0	0.0	0.4230140149860219	0.3738148365523311	0.221596461553103
CILK1	1.0	1.5	0.0	0.3970285823524169	2.38060400221497	0.1361267601919814	1.0	1.5	0.0	0.2064130667508077	-0.1228567477855333	0.1594417202030498
CIT	7.75	1.0	0.0	0.3950146097047889	-1.2954558835261714	0.1361267601919814	0.25	9.5	0.0	1.94207474959986	4.730204350190178	1.1383609795258969
CLK1	1.25	1.0	0.0	0.3832877208002435	1.4428206557923815	0.1361267601919814	0.25	2.0	0.0	0.4104352243174792	2.325875279404025	0.221596461553103
CLK2	4.583333333333333	1.6666666666666667	0.0	0.1660040612263007	0.2879965741003649	0.1361267601919814	0.25	5.666666666666667	0.0	1.0545271950093151	3.9027229613932897	0.5438385926433842
CLK3	6.25	2.1666666666666665	0.0	0.2367946984381381	0.2192509756703909	0.1361267601919814	0.25	8.166666666666668	0.0	1.7162957063550712	4.4829512559443305	0.9824638840197852
CLK4	1.75	1.0	0.0	0.3832877208002435	0.9495102295463068	0.1361267601919814	0.25	2.5	0.0	0.414874388847224	2.6577188431564704	0.221596461553103
CSF1R	2.75	1.5	0.0	0.2665011034315712	0.8934654544078308	0.1361267601919814	4.25	0.0	0.0	1.5397803331290525	-3.222392421336448	0.8431965682133958
CSK	2.75	2.0	0.0	0.6348779757944454	1.3359836901087816	0.1361267601919814	4.75	0.0	0.0	1.5397803331290525	-3.370610033218414	0.8431965682133958
CSNK1A1	10.000000000000002	0.8333333333333333	0.0	1.157332930256353	-1.973688722884153	0.1361267601919814	2.0	8.5	0.0	1.0885977780128324	1.4916120243864477	0.5457244922755004
CSNK1A1L	10.416666666666666	1.5	0.0	0.627736513517366	-1.1560009913176414	0.1361267601919814	3.083333333333333	9.166666666666666	0.0	0.581071946274705	0.9546261269018248	0.2715853235474865
CSNK1D	10.833333333333332	1.8333333333333333	0.0	0.627736513517366	-0.9121131069048728	0.1361267601919814	2.4166666666666665	9.583333333333332	0.0	0.8588226436406388	1.401627348284755	0.4071736183413325
CSNK1E	9.0	2.0	0.0	0.2926845786857526	-0.4780472968046442	0.1361267601919814	1.8333333333333333	9.833333333333332	0.0	1.271660205716894	1.8620351828677528	0.6512728332994
CSNK1G1	6.333333333333332	0.3333333333333333	0.0	0.6872118508421468	-2.600599131762056	0.1361267601919814	2.1666666666666665	6.5	0.0	0.4481460802449262	0.9408869063317756	0.221596461553103
CSNK1G2	6.75	1.0	0.0	0.3161439885704107	-1.0793224526614056	0.1361267601919814	1.5833333333333333	6.833333333333333	0.0	0.7424626251233296	1.491659180991925	0.3672474309048159
CSNK1G3	6.833333333333332	2.0	0.0	0.2238100207291485	-0.0439712524442408	0.1361267601919814	1.5	6.666666666666666	0.0	0.7424626251233296	1.5332189256271578	0.3672474309048159
CSNK2A1	4.5	8.999999999999998	0.0	3.14288602827464	3.2196780366394115	1.187438817696944	0.8333333333333333	12.166666666666668	0.0	2.635883808105334	3.3916247920778626	1.4183998638914277
CSNK2A2	4.0	8.499999999999998	0.0	3.170018663755052	3.2777940533544885	1.187438817696944	0.3333333333333333	11.666666666666668	0.0	2.4018006020719658	4.657459491574546	1.3492187237142663
DAPK1	3.333333333333333	0.0	0.0	0.1870019801085675	-0.470957872018325	0.1361267601919814	0.0	4.999999999999999	0.0	0.6063438244994758	1.9898042328941112	0.2819656463709122
DAPK2	2.833333333333333	0.0	0.0	0.1707369968424995	-0.2861459283920283	0.1361267601919814	0.0	2.5	0.0	0.3041195482525559	1.1622714288988771	0.1594417202030498
DAPK3	4.333333333333333	0.0	0.0	0.2587653937709713	-0.7865186325709478	0.1361267601919814	0.0	4.999999999999999	0.0	0.6063438244994758	1.9898042328941112	0.2819656463709122
DCLK1	2.5	0.0	0.0	0.1707369968424995	-0.1496360789011337	0.1361267601919814	0.5	3.0	0.0	0.6189943715031487	1.92283213947754	0.2843970281928991
DCLK2							0.0	1.0	0.0	0.1724883773162978	0.3257701611817565	0.1594417202030498
DDR1	10.333333333333332	1.0	0.0	0.6570658645659402	-1.7548875021634682	0.1361267601919814	11.333333333333332	0.0	0.0	4.517830563365065	-4.715913892671388	2.559983929656915
DDR2	10.833333333333332	1.0	0.0	0.6570658645659402	-1.8318114788140112	0.1361267601919814	11.833333333333332	0.0	0.0	4.517830563365065	-4.7936148654313016	2.559983929656915
DMPK	3.75	0.0	0.0	0.1870019801085675	-0.6100534816839867	0.1361267601919814	1.25	2.5	0.0	0.1670899051364679	0.3039066872493219	0.1594417202030498
DSTYK	3.0	0.0	0.0	0.1842427332379825	-0.3501863549288757	0.1361267601919814	0.0	2.0	0.0	0.2993494228083974	0.9300979867698438	0.1594417202030498
DYRK1A	0.0	1.0	0.0	0.8451732194446224	2.747233929620033	0.1361267601919814	0.0	1.0	0.0	0.1724883773162978	0.3257701611817565	0.1594417202030498
DYRK1B	1.25	1.0	0.0	0.3832877208002435	1.4428206557923815	0.1361267601919814	0.75	2.5	0.0	0.414874388847224	1.0569023912344768	0.221596461553103
DYRK2	2.25	1.5	0.0	0.2665011034315712	1.1909427827113954	0.1361267601919814	1.25	3.5	0.0	0.2905120219079976	0.8093712676561088	0.1594417202030498
DYRK3	1.5	1.5	0.0	0.3938459098057495	1.787779383720843	0.1361267601919814	0.0	3.0	0.0	0.4422403724784898	1.3647642927976202	0.221596461553103
DYRK4	2.25	1.0	0.0	0.2573993825352393	0.5790132343899698	0.1361267601919814	1.25	2.0	0.0	0.1642538966608431	-0.0279368765031232	0.1594417202030498
EEF2K	3.0	0.0	0.0	0.1842427332379825	-0.3501863549288757	0.1361267601919814	0.0	2.0	0.0	0.2993494228083974	0.9300979867698438	0.1594417202030498
EGFR	3.8333333333333344	2.0	0.0	0.4795993719532929	0.8393934070904039	0.1361267601919814	5.833333333333334	0.0	0.0	1.9274155929198653	-3.657112286476992	1.1383609795258969
EIF2AK1	1.0	0.0	0.0	0.2484205021040048	0.6811778159804592	0.1361267601919814	0.0	1.0	0.0	0.1724883773162978	0.3257701611817565	0.1594417202030498
EIF2AK2	4.833333333333333	0.0	0.0	0.2587653937709713	-0.9238689307840292	0.1361267601919814	0.5	4.0	0.0	0.829847736818042	2.358047520694014	0.4071736183413325
EIF2AK3	2.0	0.0	0.0	0.1729491989647749	0.0806184602082846	0.1361267601919814	0.0	2.0	0.0	0.2993494228083974	0.9300979867698438	0.1594417202030498
EIF2AK4	1.6666666666666663	0.0	0.0	0.245825347347446	0.2557611709216161	0.1361267601919814	0.3333333333333333	1.0	0.0	0.2041199826559248	0.8885787173315771	0.1594417202030498
EPHA1	4.0	2.0	0.0	0.3736178962552793	0.7752937128253056	0.1361267601919814	6.0	0.0	0.0	2.288946992555491	-3.697730430883106	1.331100358847341
EPHA2	1.2499999999999998	2.333333333333333	0.0	0.8907112227211692	2.7382765393185533	0.1361267601919814	3.583333333333333	0.0	0.0	1.1686885947484615	-3.004147664689737	0.5910532027519174
EPHA3	1.75	4.333333333333333	0.0	2.032335166760387	3.255090330346185	0.429070474294054	6.083333333333333	0.0	0.0	2.3293417521335686	-3.717739235266594	1.3492187237142663
EPHA4	4.5	3.333333333333333	0.0	0.7172023257115401	1.4101552778990976	0.1361267601919814	7.833333333333332	0.0	0.0	2.744132508349793	-4.099331021441785	1.4629794842665094
EPHA5	2.0	3.333333333333333	0.0	1.442509631849436	2.620269369457109	0.1361267601919814	5.333333333333334	0.0	0.0	1.9274155929198653	-3.5300707422250843	1.1383609795258969
EPHA6	2.75	4.0	0.0	1.5843162937450317	2.451460907528717	0.1407524441462103	6.75	0.0	0.0	2.3293417521335686	-3.871206945715844	1.3492187237142663
EPHA7	3.75	3.0	0.0	0.8580168696403913	1.5139959793670126	0.1361267601919814	6.75	0.0	0.0	2.3293417521335686	-3.871206945715844	1.3492187237142663
EPHA8	0.75	2.0	0.0	1.276206411938949	3.242074787198148	0.1361267601919814	2.75	0.0	0.0	0.8178611307220651	-2.6872125589691067	0.4071736183413325
EPHB1	2.75	2.0	0.0	0.6348779757944454	1.3359836901087816	0.1361267601919814	4.75	0.0	0.0	1.5397803331290525	-3.370610033218414	0.8431965682133958
EPHB2	1.75	4.666666666666666	0.0	2.032335166760387	3.3824696368224125	0.429070474294054	6.416666666666666	0.0	0.0	2.3293417521335686	-3.7958829823276408	1.3492187237142663
EPHB3	1.75	3.6666666666666665	0.0	1.442509631849436	2.974004791467056	0.1361267601919814	5.416666666666666	0.0	0.0	1.9274155929198653	-3.551818048801226	1.1383609795258969
EPHB4	2.0	3.6666666666666665	0.0	1.126989099464219	2.777401699955976	0.1361267601919814	5.666666666666666	0.0	0.0	1.9274155929198653	-3.615659297944073	1.1383609795258969
ERBB2	3.500000000000001	1.5	0.0	0.188341499831776	0.5335029013646089	0.1361267601919814	5.000000000000001	0.0	0.0	1.893703512816716	-3.440572591385981	1.1261885772788576
ERBB4	1.5000000000000002	2.0	0.0	0.8680814762879236	2.230297619421794	0.1361267601919814	3.5	0.0	0.0	1.1686885947484615	-2.9749090190371694	0.5910532027519174
ERN1	2.0	0.5	0.0	0.2224574315406652	-0.2735650733259632	0.1361267601919814	0.0	2.5	0.0	0.3041195482525559	1.1622714288988771	0.1594417202030498
ERN2	1.3333333333333333	0.0	0.0	0.245825347347446	0.4536051555383315	0.1361267601919814	0.0	0.3333333333333333	0.0	0.2032324828163391	-0.2719596356132778	0.1594417202030498
FAM20C	5.5	5.666666666666667	0.0	1.335099082372674	2.0131531439875987	0.1361267601919814	0.0	10.166666666666666	0.0	1.7164541065921683	2.9949691990709444	0.9824638840197852
FER	3.25	1.0	0.0	0.1805522963401788	0.0325128135184907	0.1361267601919814	4.25	0.0	0.0	1.5397803331290525	-3.222392421336448	0.8431965682133958
FES	3.5	0.0	0.0	0.1870019801085675	-0.5280601094866791	0.1361267601919814	3.5	0.0	0.0	1.1686885947484615	-2.9749090190371694	0.5910532027519174
FGFR1	4.5	1.0	0.0	0.1748574829680208	-0.4572069535227833	0.1361267601919814	5.5	0.0	0.0	1.9274155929198653	-3.573327800237753	1.1383609795258969
FGFR2	8.833333333333332	2.0	0.0	0.2404546587787764	-0.4482205950651339	0.1361267601919814	10.833333333333332	0.0	0.0	4.058003563831816	-4.636123400503788	2.1970669431317225
FGFR3	7.25	1.0	0.0	0.3950146097047889	-1.1908037311182285	0.1361267601919814	8.25	0.0	0.0	3.170865461960711	-4.181256473798298	1.8150788195805236
FGFR4	1.5	1.5	0.0	0.3938459098057495	1.787779383720843	0.1361267601919814	3.0	0.0	0.0	1.1476152776479411	-2.7884958948062883	0.5833438472093785
FGR	3.000000000000001	0.6666666666666666	0.0	0.3352980465256969	-0.4506614090095654	0.1361267601919814	3.666666666666667	0.0	0.0	1.1686885947484615	-3.032914622472735	0.5910532027519174
FLT1	8.25	1.0	0.0	0.4784329086956684	-1.394140158385578	0.1361267601919814	9.249999999999996	0.0	0.0	3.608945812441887	-4.36707477873659	2.0904318725639994
FLT3	2.5	1.0	0.0	0.2573993825352393	0.4230302900323745	0.1361267601919814	3.5	0.0	0.0	1.1686885947484615	-2.9749090190371694	0.5910532027519174
FLT4	10.749999999999996	1.0	0.0	0.6570658645659402	-1.8192084831303243	0.1361267601919814	11.749999999999996	0.0	0.0	4.517830563365065	-4.780801503016287	2.559983929656915
FRK	3.5000000000000004	0.5	0.0	0.3385431013388439	-1.1048988583180075	0.1361267601919814	4.0	0.0	0.0	1.5125097612754412	-3.14359085362885	0.8276643996310288
FYN	4.25	2.1666666666666665	0.0	0.3852325730692266	0.8085276860085596	0.1361267601919814	6.416666666666666	0.0	0.0	2.3293417521335686	-3.7958829823276408	1.3492187237142663
GAK	2.083333333333333	1.3333333333333333	0.0	0.2665011034315712	1.12565110166152	0.1361267601919814	0.9166666666666664	2.5	0.0	0.414874388847224	0.7620721700619462	0.221596461553103
GRK1	4.25	4.0	0.0	1.0716822353974416	1.7992498724205488	0.1361267601919814	1.5833333333333333	6.666666666666666	0.0	0.7424626251233296	1.4525122046975067	0.3672474309048159
GRK2	3.4166666666666665	2.833333333333333	0.0	0.4980269596992674	1.561627041783999	0.1361267601919814	1.0	4.916666666666667	0.0	0.4409873859979228	1.6585341554363715	0.221596461553103
GRK3	3.6666666666666665	2.6666666666666665	0.0	0.4980269596992674	1.3587300583768898	0.1361267601919814	0.75	5.25	0.0	1.0545271950093151	2.183079497311622	0.5438385926433842
GRK4	4.0	3.0	0.0	0.6972329249515304	1.4168397419128291	0.1361267601919814	0.75	6.25	0.0	1.2725829556085326	2.455451767724752	0.6512728332994
GRK5	6.833333333333333	5.166666666666667	0.0	1.1484567231297331	1.5126326931231997	0.1361267601919814	0.8333333333333333	12.166666666666668	0.0	2.635883808105334	3.3916247920778626	1.4183998638914277
GRK6	5.5	5.166666666666667	0.0	1.335099082372674	1.84794372062138	0.1361267601919814	0.0	10.166666666666666	0.0	1.7164541065921683	2.9949691990709444	0.9824638840197852
GRK7	3.0	1.8333333333333333	0.0	0.1907324038040052	1.0717014653541888	0.1361267601919814	0.5833333333333333	4.25	0.0	0.8389273946699604	2.2255620960251417	0.4071736183413325
GSK3A	7.249999999999999	3.333333333333333	0.0	0.3928769140236851	0.6765585003036527	0.1361267601919814	1.4166666666666663	8.833333333333332	0.0	1.0885977780128324	2.070857497458411	0.5457244922755004
GSK3B	6.75	1.3333333333333337	0.0	0.300957600495304	-0.6463630453852993	0.1361267601919814	1.0833333333333333	6.666666666666667	0.0	0.7424626251233296	2.0161497399933297	0.3672474309048159
HASPIN	3.0	2.1666666666666665	0.0	0.5035612560555797	1.3312059084753731	0.1361267601919814	0.5	4.666666666666666	0.0	0.8389273946699604	2.594050373549115	0.4071736183413325
HCK	2.0	0.8333333333333333	0.0	0.2224574315406652	0.4809945808549808	0.1361267601919814	2.833333333333333	0.0	0.0	0.8178611307220651	-2.721640920050037	0.4071736183413325
HIPK1	0.5	1.0	0.0	0.6320232147054056	2.776493958352844	0.1361267601919814	0.0	2.5	0.0	0.3041195482525559	1.1622714288988771	0.1594417202030498
HIPK2	0.25	1.5	0.0	0.6441831972335434	4.392317422778761	0.1361267601919814	0.25	2.5	0.0	0.414874388847224	2.6577188431564704	0.221596461553103
HIPK3	0.5	1.0	0.0	0.6320232147054056	2.776493958352844	0.1361267601919814	0.0	1.5	0.0	0.1753552779992849	0.6573484261028382	0.1594417202030498
HIPK4	1.0	0.5	0.0	0.1106982974936897	0.7422022425323533	0.1082855441663509	0.0	2.5	0.0	0.3041195482525559	1.1622714288988771	0.1594417202030498
HUNK	3.0	3.5	0.0	0.8975561754047058	2.0995356735509145	0.1361267601919814	0.5	6.0	0.0	1.25864717766524	2.9842326841416837	0.643223224779296
IGF1R	3.0	1.0	0.0	0.1828868920739685	0.15200309344505	0.1361267601919814	4.0	0.0	0.0	1.5125097612754412	-3.14359085362885	0.8276643996310288
IKBKB	4.083333333333333	0.0	0.0	0.2587653937709713	-0.7132391832024414	0.1361267601919814	0.8333333333333333	3.75	0.0	0.6257277541621172	1.5122934330229238	0.2843970281928991
INSR	2.0	0.0	0.0	0.1729491989647749	0.0806184602082846	0.1361267601919814	2.0	0.0	0.0	0.8027250079037364	-2.341036917835067	0.4011808749628734
INSRR	5.5	1.0	0.0	0.2424673177379624	-0.7631080089684369	0.1361267601919814	6.5	0.0	0.0	2.3293417521335686	-3.814968106167479	1.3492187237142663
IRAK1	0.0	0.5	0.0	0.3824723050980721	2.306661338234052	0.1361267601919814	0.0	0.5	0.0	0.2032324828163391	-0.0988533869262855	0.1594417202030498
IRAK4	1.5	0.0	0.0	0.245825347347446	0.3514723705013778	0.1361267601919814	1.0	0.5	0.0	0.4164234143660507	-1.7273154241324868	0.221596461553103
ITK	4.25	1.3333333333333333	0.0	0.1660040612263007	0.0622842782543424	0.1361267601919814	5.583333333333333	0.0	0.0	1.9274155929198653	-3.5946062200584024	1.1383609795258969
JAK1	5.833333333333336	1.0	0.0	0.2424673177379624	-0.8535033828614943	0.1361267601919814	6.833333333333336	0.0	0.0	2.3293417521335686	-3.8896270288912618	1.3492187237142663
JAK2	4.333333333333334	1.0	0.0	0.1748574829680208	-0.4000447848033711	0.1361267601919814	5.333333333333335	0.0	0.0	1.9274155929198653	-3.5300707422250843	1.1383609795258969
JAK3	6.500000000000002	2.0	0.0	0.2238100207291485	0.0337487913545398	0.1361267601919814	8.5	0.0	0.0	3.170865461960711	-4.229068486192269	1.8150788195805236
KDR	7.25	1.0	0.0	0.3950146097047889	-1.1908037311182285	0.1361267601919814	8.25	0.0	0.0	3.170865461960711	-4.181256473798298	1.8150788195805236
KIT	6.000000000000001	1.0	0.0	0.3115234844101424	-0.8969065070358967	0.1361267601919814	7.000000000000002	0.0	0.0	2.6968103925005704	-3.925999418556224	1.437933763128439
LATS1	7.25	0.0	0.0	0.5082016026660098	-1.4635832619077649	0.1361267601919814	2.25	4.0	0.0	0.2238985151826518	0.1315389908853344	0.1594417202030498
LATS2	9.5	1.0	0.0	0.5659092537741758	-1.619110723133002	0.1361267601919814	4.0	5.5	0.0	0.3223257519337263	-0.26719203130745	0.1594417202030498
LCK	1.75	1.8333333333333333	0.0	0.3938459098057495	1.8692086014554452	0.1361267601919814	3.583333333333333	0.0	0.0	1.1686885947484615	-3.0041476646897367	0.5910532027519174
LRRK2	2.0	1.5	0.0	0.2692692361462259	1.3648366863566532	0.1361267601919814	0.0	3.5	0.0	0.4490692140980899	1.5446047631050153	0.221596461553103
LTK	3.0	0.0	0.0	0.1842427332379825	-0.3501863549288757	0.1361267601919814	3.0	0.0	0.0	1.1476152776479411	-2.7884958948062883	0.5833438472093785
LYN	2.0	1.8333333333333333	0.0	0.2692692361462259	1.6726055099443662	0.1361267601919814	3.833333333333333	0.0	0.0	1.1686885947484615	-3.089100220884604	0.5910532027519174
MAK	1.25	1.5	0.0	0.3938459098057495	2.0547502041138075	0.1361267601919814	0.25	2.5	0.0	0.414874388847224	2.6577188431564704	0.221596461553103
MAP2K1	1.5000000000000002	2.5	0.0	0.8907112227211692	2.580240090478753	0.1361267601919814	1.5000000000000002	1.5	0.0	0.2109152262197628	-0.7239389138699669	0.1594417202030498
MAP2K2	1.0	1.0	0.0	0.6320232147054056	1.7686744538935446	0.1361267601919814	2.0	0.0	0.0	0.8027250079037364	-2.341036917835067	0.4011808749628734
MAP2K5	0.5	0.0	0.0	0.3697458080334412	1.1039509640389082	0.1361267601919814	0.0	0.5	0.0	0.2032324828163391	-0.0988533869262855	0.1594417202030498
MAP3K1	1.0	0.0	0.0	0.2484205021040048	0.6811778159804592	0.1361267601919814	0.0	1.0	0.0	0.1724883773162978	0.3257701611817565	0.1594417202030498
MAP3K10	2.5	0.5	0.0	0.2245997490320073	-0.6034419213288166	0.1361267601919814	1.0	2.0	0.0	0.1689381393362367	0.3020285374496575	0.1594417202030498
MAP3K11	2.333333333333333	0.0	0.0	0.1707369968424995	-0.0766212816029123	0.1361267601919814	1.0	1.0	0.0	0.2091741733199828	-0.717600269299275	0.1594417202030498
MAP3K12	7.0	2.0	0.0	0.1840531021612982	-0.0815298854965984	0.1361267601919814	2.5	7.0	0.0	0.5645796807219648	0.8409074817686307	0.2599455607891584
MAP3K14	1.5	0.0	0.0	0.245825347347446	0.3514723705013778	0.1361267601919814	0.0	1.5	0.0	0.1753552779992849	0.6573484261028382	0.1594417202030498
MAP3K15	0.5	1.0	0.0	0.6320232147054056	2.776493958352844	0.1361267601919814	1.0	0.5	0.0	0.4164234143660507	-1.7273154241324868	0.221596461553103
MAP3K19	1.0	0.5	0.0	0.1106982974936897	0.7422022425323533	0.1082855441663509	0.0	1.5	0.0	0.1753552779992849	0.6573484261028382	0.1594417202030498
MAP3K2	0.0	0.8333333333333333	0.0	0.3824723050980721	2.61314103403275	0.1361267601919814	0.3333333333333333	0.5	0.0	-0.0	0.0	-0.0
MAP3K20	1.0	0.0	0.0	0.2484205021040048	0.6811778159804592	0.1361267601919814	0.0	1.0	0.0	0.1724883773162978	0.3257701611817565	0.1594417202030498
MAP3K21	3.333333333333333	0.5	0.0	0.3385431013388439	-1.031825445855398	0.1361267601919814	0.0	2.833333333333333	0.0	0.3041195482525559	1.300073678199292	0.1594417202030498
MAP3K3	2.1666666666666665	1.0	0.0	0.2573993825352393	0.6347851993597282	0.1361267601919814	0.0	3.8333333333333335	0.0	0.4490692140980899	1.6543466320784848	0.221596461553103
MAP3K5	1.0	0.0	0.0	0.2484205021040048	0.6811778159804592	0.1361267601919814	0.5	0.5	0.0	-0.0	0.0	-0.0
MAP3K6	1.5	1.0	0.0	0.3832877208002435	1.1758498353994176	0.1361267601919814	1.0	1.5	0.0	0.2064130667508077	-0.1228567477855333	0.1594417202030498
MAP3K7	0.5	0.0	0.0	0.3697458080334412	1.1039509640389082	0.1361267601919814	0.5	0.0	0.0	0.2101989430019342	-1.2937312030567103	0.1594417202030498
MAP3K8	5.833333333333333	0.5	0.0	0.5698262521242927	-1.8799755942226848	0.1361267601919814	1.0	4.0	0.0	0.4340666115406488	1.3421059768249928	0.221596461553103
MAP3K9	2.6666666666666665	0.5	0.0	0.2245997490320073	-0.699210672170788	0.1361267601919814	0.0	1.5	0.0	0.1753552779992849	0.6573484261028382	0.1594417202030498
MAP4K4	1.0	0.0	0.0	0.2484205021040048	0.6811778159804592	0.1361267601919814	0.0	1.0	0.0	0.1724883773162978	0.3257701611817565	0.1594417202030498
MAPK1	5.999999999999999	0.0	0.0	0.3367934103583369	-1.205904298547879	0.1361267601919814	0.8333333333333333	5.166666666666666	0.0	1.0545271950093151	2.0036108231540326	0.5438385926433842
MAPK10	3.833333333333333	2.0	0.0	0.4795993719532929	0.8393934070904046	0.1361267601919814	2.1666666666666665	3.6666666666666665	0.0	0.2018354367565558	0.0564439033873606	0.1594417202030498
MAPK11	1.75	0.3333333333333333	0.0	0.1117591340469754	-0.6706416996371495	0.1082855441663509	2.083333333333333	0.0	0.0	0.8178611307220651	-2.3832394163200297	0.4071736183413325
MAPK12	7.083333333333332	0.6666666666666666	0.0	0.8057918430819988	-1.7571143233876767	0.1361267601919814	2.25	5.499999999999999	0.0	0.3319568726389961	0.6217766563038062	0.1594417202030498
MAPK13	4.75	0.6666666666666666	0.0	0.4536110839208496	-1.1419551447904888	0.1361267601919814	2.4166666666666665	3.0	0.0	0.2059025105665297	-0.4122763596017869	0.1594417202030498
MAPK14	2.25	0.0	0.0	0.1707369968424995	-0.0387844604254515	0.1361267601919814	1.25	1.0	0.0	0.2137139637345858	-1.047565683252056	0.1594417202030498
MAPK15	2.5	0.8333333333333333	0.0	0.2245997490320073	0.1511177328521275	0.1361267601919814	0.3333333333333333	3.0	0.0	0.6189943715031487	2.5130695822393703	0.2843970281928991
MAPK3	8.583333333333332	0.0	0.0	0.6003902602404282	-1.7020628516791387	0.1361267601919814	1.0833333333333333	7.499999999999999	0.0	0.9119426340308738	2.203776743169101	0.4239180163008867
MAPK7	4.999999999999999	0.0	0.0	0.2587653937709713	-0.9672100648823304	0.1361267601919814	0.8333333333333333	4.166666666666666	0.0	0.8389273946699604	1.6727581052161695	0.4071736183413325
MAPK8	2.833333333333333	1.3333333333333333	0.0	0.2665011034315712	0.6700938476891136	0.1361267601919814	2.1666666666666665	2.0	0.0	0.3168353654377293	-0.8513452877288068	0.1594417202030498
MAPK9	3.0	2.0	0.0	0.4850278637534242	1.2064508774674263	0.1361267601919814	1.8333333333333333	3.1666666666666665	0.0	0.2905120219079976	0.0868003851677516	0.1594417202030498
MAPKAPK2	10.0	1.8333333333333333	0.0	0.6189420187977682	-0.7820777937947675	0.1361267601919814	2.5	9.833333333333332	0.0	0.8588226436406388	1.3926336530158543	0.4071736183413325
MAPKAPK3	6.5	0.5	0.0	0.6872118508421468	-2.047171204029027	0.1361267601919814	1.5	4.5	0.0	0.4298032190454091	0.9211445792887604	0.221596461553103
MAPKAPK5	3.5	0.0	0.0	0.1870019801085675	-0.5280601094866791	0.1361267601919814	0.0	4.0	0.0	0.5973405951848199	1.7065919451226874	0.2790207696338477
MARK1	2.0	2.0	0.0	0.6408843561488304	1.807354922057604	0.1361267601919814	2.5	1.5	0.0	0.495703766246479	-1.493694443153842	0.221596461553103
MARK2	1.0	2.5	0.0	0.897399519007722	3.17306470897288	0.1361267601919814	1.5	2.0	0.0	0.1642538966608431	-0.2990536286347757	0.1594417202030498
MARK3	1.0	2.5	0.0	0.897399519007722	3.17306470897288	0.1361267601919814	1.5	2.0	0.0	0.1642538966608431	-0.2990536286347757	0.1594417202030498
MARK4	2.0	2.5	0.0	0.6614521499827811	2.157297393114563	0.1361267601919814	2.5	2.0	0.0	0.3168353654377293	-1.0688091579186514	0.1594417202030498
MASTL	3.333333333333333	0.0	0.0	0.1870019801085675	-0.4709578720183246	0.1361267601919814	1.3333333333333333	2.0	0.0	0.1642538966608431	-0.1237353684222447	0.1594417202030498
MATK	5.500000000000001	0.0	0.0	0.3367934103583369	-1.090815163185667	0.1361267601919814	5.500000000000001	0.0	0.0	1.9274155929198653	-3.573327800237753	1.1383609795258969
MELK	1.0	0.0	0.0	0.2484205021040048	0.6811778159804592	0.1361267601919814	0.0	1.0	0.0	0.1724883773162978	0.3257701611817565	0.1594417202030498
MERTK	4.583333333333333	1.0	0.0	0.1748574829680208	-0.4850382747733631	0.1361267601919814	5.583333333333333	0.0	0.0	1.9274155929198653	-3.5946062200584024	1.1383609795258969
MET	1.75	0.0	0.0	0.245825347347446	0.2100643922955266	0.1361267601919814	1.75	0.0	0.0	0.493921855593872	-2.2075132449976773	0.221596461553103
MINK1	0.0	1.0	0.0	0.8451732194446224	2.747233929620033	0.1361267601919814	1.0	0.0	0.0	0.4844179452339363	-1.7243655573865726	0.221596461553103
MKNK1	3.333333333333333	0.0	0.0	0.1870019801085675	-0.470957872018325	0.1361267601919814	2.0	1.3333333333333333	0.0	0.4857582326582961	-1.3284709407541344	0.221596461553103
MKNK2	3.0	0.0	0.0	0.1842427332379825	-0.3501863549288757	0.1361267601919814	3.0	0.0	0.0	1.1476152776479411	-2.7884958948062883	0.5833438472093785
MOK	1.5	1.5	0.0	0.3938459098057495	1.787779383720843	0.1361267601919814	1.0	2.0	0.0	0.1689381393362367	0.3020285374496575	0.1594417202030498
MOS	3.5	6.333333333333334	0.0	2.371698944921015	2.9020205556217835	0.5131617473513759	0.5	9.833333333333332	0.0	1.94207474959986	3.779412892253185	1.1383609795258969
MST1R	6.75	1.0	0.0	0.3161439885704107	-1.0793224526614056	0.1361267601919814	7.75	0.0	0.0	2.744132508349793	-4.082589781496925	1.4629794842665094
MTOR	2.0	1.8333333333333333	0.0	0.2692692361462259	1.6726055099443662	0.1361267601919814	0.3333333333333333	4.5	0.0	0.8389273946699604	3.1284057320040457	0.4071736183413325
MUSK	5.000000000000001	1.0	0.0	0.2388547864191399	-0.6173839784135339	0.1361267601919814	6.000000000000002	0.0	0.0	2.288946992555491	-3.697730430883106	1.331100358847341
MYLK	3.0	1.0	0.0	0.1828868920739685	0.15200309344505	0.1361267601919814	1.0	3.0	0.0	0.2935397765077493	0.9068905956085184	0.1594417202030498
MYLK2	5.5	0.0	0.0	0.3367934103583369	-1.0908151631856666	0.1361267601919814	1.25	4.25	0.0	0.4298032190454091	1.104692280795351	0.221596461553103
MYLK3	4.0	0.0	0.0	0.2550358653803948	-0.6880559936852598	0.1361267601919814	0.0	5.0	0.0	0.7622631516881495	1.9898042328941117	0.3681103043417218
MYLK4	1.3333333333333333	0.5	0.0	0.1117591340469754	0.3219280948873624	0.1082855441663509	0.0	1.5	0.0	0.1753552779992849	0.6573484261028382	0.1594417202030498
MYO3A	0.0	1.0	0.0	0.8451732194446224	2.747233929620033	0.1361267601919814	1.0	0.0	0.0	0.4844179452339363	-1.7243655573865726	0.221596461553103
MYO3B	1.3333333333333333	1.0	0.0	0.3832877208002435	1.3484003062485534	0.1361267601919814	1.0	1.0	0.0	0.2091741733199828	-0.717600269299275	0.1594417202030498
NEK1	1.0	1.0	0.0	0.386428981583118	1.7686744538935444	0.1361267601919814	1.0	1.0	0.0	0.2091741733199828	-0.717600269299275	0.1594417202030498
NEK11	0.0	0.5	0.0	0.3824723050980721	2.306661338234052	0.1361267601919814	0.0	1.5	0.0	0.1753552779992849	0.6573484261028382	0.1594417202030498
NEK2	0.3333333333333333	0.5	0.0	-0.0	0.0	-0.0	0.0	0.5	0.0	0.2032324828163391	-0.0988533869262855	0.1594417202030498
NEK3	2.0	0.5	0.0	0.2224574315406652	-0.2735650733259632	0.1361267601919814	0.0	2.5	0.0	0.3041195482525559	1.1622714288988771	0.1594417202030498
NEK5	1.5	0.5	0.0	0.1117591340469754	0.1493776240382266	0.1082855441663509	0.0	2.0	0.0	0.2993494228083974	0.9300979867698438	0.1594417202030498
NEK6	2.333333333333333	0.0	0.0	0.1707369968424995	-0.0766212816029125	0.1361267601919814	0.3333333333333333	2.0	0.0	0.4104352243174792	1.9082075240805092	0.221596461553103
NEK8	0.3333333333333333	0.0	0.0	0.3697458080334412	1.276445325093354	0.1361267601919814						
NEK9	0.0	0.5	0.0	0.3824723050980721	2.306661338234052	0.1361267601919814	0.0	0.5	0.0	0.2032324828163391	-0.0988533869262855	0.1594417202030498
NIM1K	3.0	0.0	0.0	0.1842427332379825	-0.3501863549288757	0.1361267601919814	1.0	2.0	0.0	0.1689381393362367	0.3020285374496575	0.1594417202030498
NLK	3.0	1.0	0.0	0.1828868920739685	0.15200309344505	0.1361267601919814	0.5	3.5	0.0	0.6257277541621172	2.155278225477911	0.2843970281928991
NTRK1	1.0	0.0	0.0	0.2484205021040048	0.6811778159804592	0.1361267601919814	1.0	0.0	0.0	0.4844179452339363	-1.7243655573865726	0.221596461553103
NTRK2	2.0	0.0	0.0	0.1729491989647749	0.0806184602082846	0.1361267601919814	2.0	0.0	0.0	0.8027250079037364	-2.341036917835067	0.4011808749628734
NTRK3	1.5	0.0	0.0	0.245825347347446	0.3514723705013778	0.1361267601919814	1.5	0.0	0.0	0.493921855593872	-2.0620609681322515	0.221596461553103
NUAK1	2.5	0.5	0.0	0.2245997490320073	-0.6034419213288166	0.1361267601919814	2.5	0.5	0.0	0.8507637784371249	-3.098153119500796	0.4071736183413325
NUAK2	7.0	0.0	0.0	0.5012310556376004	-1.4150374992788437	0.1361267601919814	2.5	3.5	0.0	0.2018354367565558	-0.2315010137594193	0.1594417202030498
OXSR1	0.0	1.1666666666666667	0.0	0.8659760040167631	2.871324277344677	0.1361267601919814	0.0	1.1666666666666667	0.0	0.1753552779992849	0.4444569350775829	0.1594417202030498
PAK1	3.5	0.0	0.0	0.1870019801085675	-0.5280601094866791	0.1361267601919814	1.0	2.5	0.0	0.1718363401609295	0.6338721012021026	0.1594417202030498
PAK3	3.5	0.0	0.0	0.1870019801085675	-0.5280601094866791	0.1361267601919814	1.0	2.5	0.0	0.1718363401609295	0.6338721012021026	0.1594417202030498
PAK4	2.333333333333333	0.0	0.0	0.1707369968424995	-0.0766212816029123	0.1361267601919814	1.0	1.3333333333333333	0.0	0.2064130667508077	-0.2960494630617569	0.1594417202030498
PAK5	3.333333333333333	0.0	0.0	0.1870019801085675	-0.470957872018325	0.1361267601919814	1.0	2.333333333333333	0.0	0.1718363401609295	0.5310236936103524	0.1594417202030498
PAK6	4.333333333333334	0.0	0.0	0.2587653937709713	-0.7865186325709481	0.1361267601919814	1.0	3.333333333333333	0.0	0.2983688197757869	1.0655883416275769	0.1594417202030498
PASK	11.25	0.8333333333333333	0.0	1.2925618711017215	-2.165506330175308	0.1361267601919814	2.75	8.833333333333332	0.0	0.7127885986133785	1.0701218664196686	0.3487816259864997
PBK	2.583333333333333	0.0	0.0	0.1707369968424995	-0.1848979394264772	0.1361267601919814	0.5833333333333333	2.0	0.0	0.4104352243174792	1.0929329387266675	0.221596461553103
PDGFRA	4.500000000000001	0.0	0.0	0.2587653937709713	-0.8335968365006132	0.1361267601919814	4.500000000000001	0.0	0.0	1.5397803331290525	-3.297968195943181	0.8431965682133958
PDGFRB	5.0	0.0	0.0	0.3320328931681584	-0.9672100648823304	0.1361267601919814	5.0	0.0	0.0	1.893703512816716	-3.440572591385981	1.1261885772788576
PDK1	1.0	1.3333333333333333	0.0	0.3970285823524169	2.2016338611696504	0.1361267601919814	0.3333333333333333	2.0	0.0	0.4104352243174792	1.9082075240805092	0.221596461553103
PDK4	1.0	1.6666666666666663	0.0	0.3970285823524169	2.541709302767272	0.1361267601919814	0.3333333333333333	2.333333333333333	0.0	0.414874388847224	2.1372026802412045	0.221596461553103
PDPK1	0.0	1.0	0.0	0.8451732194446224	2.747233929620033	0.1361267601919814	0.0	1.0	0.0	0.1724883773162978	0.3257701611817565	0.1594417202030498
PHKG1							0.0	1.0	0.0	0.1724883773162978	0.3257701611817565	0.1594417202030498
PHKG2	2.0	0.0	0.0	0.1729491989647749	0.0806184602082846	0.1361267601919814	0.0	2.0	0.0	0.2993494228083974	0.9300979867698438	0.1594417202030498
PIM1	14.0	2.0	0.0	0.6411094445560804	-1.2040138920215933	0.1361267601919814	3.5	13.0	0.0	1.1005736129137216	1.3482794218343146	0.5492671596395267
PIM2	12.5	1.5	0.0	0.8124071152344995	-1.4558972655021507	0.1361267601919814	1.0	13.0	0.0	2.0739844600259048	3.238096504083892	1.1383609795258969
PIM3	18.33333333333333	1.5	0.0	1.4323562962129988	-2.1169627453090984	0.1361267601919814	3.25	14.75	0.0	1.2776161459593387	1.6871665098766857	0.6512728332994
PINK1	3.666666666666667	2.5	0.0	0.4980269596992674	1.2561603247363418	0.1361267601919814	1.4999999999999998	4.333333333333333	0.0	0.4298032190454091	0.8632901938231345	0.221596461553103
PKN1	2.0	0.0	0.0	0.1729491989647749	0.0806184602082846	0.1361267601919814	0.0	2.0	0.0	0.2993494228083974	0.9300979867698438	0.1594417202030498
PKN2	0.3333333333333333	0.0	0.0	0.3697458080334412	1.276445325093354	0.1361267601919814	0.3333333333333333	0.0	0.0	0.2101989430019342	-1.1186444964986189	0.1594417202030498
PKN3	4.5	1.0	0.0	0.1748574829680208	-0.4572069535227833	0.1361267601919814	1.25	4.25	0.0	0.4298032190454091	1.104692280795351	0.221596461553103
PLK1	1.5	0.0	0.0	0.245825347347446	0.3514723705013778	0.1361267601919814	0.0	1.5	0.0	0.1753552779992849	0.6573484261028382	0.1594417202030498
PLK2	0.0	3.0	0.0	1.931503236613817	3.8541491335365454	0.373996034708159	0.0	2.5	0.0	0.3041195482525559	1.1622714288988771	0.1594417202030498
PLK3	1.0	3.5	0.0	1.4528237697650876	3.716207033999409	0.1361267601919814	0.0	4.0	0.0	0.5973405951848199	1.7065919451226874	0.2790207696338477
PLK4	2.0	0.0	0.0	0.1729491989647749	0.0806184602082846	0.1361267601919814	1.5	1.5	0.0	0.2109152262197628	-0.7239389138699667	0.1594417202030498
PNCK	8.5	1.5	0.0	0.456366166164259	-0.8295413588101981	0.1361267601919814	1.0	10.0	0.0	1.4723439943263867	2.7914133781885826	0.8155273562822178
PRKAA1	1.0	0.5	0.0	0.1106982974936897	0.7422022425323533	0.1082855441663509	1.5	0.0	0.0	0.493921855593872	-2.0620609681322515	0.221596461553103
PRKAA2	3.0	0.5	0.0	0.3352980465256969	-0.874469117916141	0.1361267601919814	2.5	1.0	0.0	0.501810230455961	-2.088437964667584	0.221596461553103
PRKACA	7.833333333333332	1.0	0.0	0.3950146097047889	-1.3122968729034843	0.1361267601919814	2.0	5.833333333333332	0.0	0.3431640298942399	0.8917471093479763	0.1594417202030498
PRKACB	11.833333333333332	2.0	0.0	0.4277542420755744	-0.922408875563432	0.1361267601919814	3.0	10.833333333333332	0.0	0.7290375025301719	1.2749554314271323	0.3622554758485209
PRKACG	10.833333333333334	0.0	0.0	0.7957323465695773	-2.044832109294993	0.1361267601919814	2.0	8.833333333333332	0.0	0.7342690773669721	1.5543568760575384	0.3622554758485209
PRKCA	1.3333333333333333	0.0	0.0	0.245825347347446	0.4536051555383315	0.1361267601919814	0.3333333333333333	1.0	0.0	0.2041199826559248	0.8885787173315771	0.1594417202030498
PRKCB	1.0	0.5	0.0	0.1106982974936897	0.7422022425323533	0.1082855441663509	0.0	1.5	0.0	0.1753552779992849	0.6573484261028382	0.1594417202030498
PRKCD	2.333333333333333	0.0	0.0	0.1707369968424995	-0.0766212816029125	0.1361267601919814	0.3333333333333333	1.0	0.0	0.2041199826559248	0.8885787173315771	0.1594417202030498
PRKCE	3.333333333333333	0.0	0.0	0.1870019801085675	-0.470957872018325	0.1361267601919814	0.3333333333333333	3.0	0.0	0.6189943715031487	2.5130695822393703	0.2843970281928991
PRKCG	2.333333333333333	0.0	0.0	0.1707369968424995	-0.0766212816029125	0.1361267601919814	0.3333333333333333	1.0	0.0	0.2041199826559248	0.8885787173315771	0.1594417202030498
PRKCH	3.6666666666666665	0.0	0.0	0.1870019801085675	-0.5831868758313046	0.1361267601919814	0.3333333333333333	2.0	0.0	0.4104352243174792	1.9082075240805092	0.221596461553103
PRKCI	0.6666666666666666	0.0	0.0	0.3697458080334412	0.949373926930032	0.1361267601919814	0.3333333333333333	0.0	0.0	0.2101989430019342	-1.1186444964986189	0.1594417202030498
PRKCQ	1.3333333333333333	0.0	0.0	0.245825347347446	0.4536051555383315	0.1361267601919814	0.3333333333333333	1.0	0.0	0.2041199826559248	0.8885787173315771	0.1594417202030498
PRKCZ	1.3333333333333333	0.5	0.0	0.1117591340469754	0.3219280948873624	0.1082855441663509	0.0	1.5	0.0	0.1753552779992849	0.6573484261028382	0.1594417202030498
PRKD1	7.75	1.0	0.0	0.3950146097047889	-1.2954558835261714	0.1361267601919814	2.75	5.5	0.0	0.3319568726389961	0.3156871549132172	0.1594417202030498
PRKD2	6.5	1.0	0.0	0.3161439885704107	-1.020698992667836	0.1361267601919814	1.5	6.5	0.0	0.7424626251233296	1.493178565425807	0.3672474309048159
PRKD3	3.0	0.0	0.0	0.1842427332379825	-0.3501863549288757	0.1361267601919814	0.5	2.5	0.0	0.414874388847224	1.649813645071124	0.221596461553103
PRKDC	0.3333333333333333	0.0	0.0	0.3697458080334412	1.276445325093354	0.1361267601919814	0.0	0.3333333333333333	0.0	0.2032324828163391	-0.2719596356132778	0.1594417202030498
PRKG1	7.0	0.0	0.0	0.5012310556376004	-1.4150374992788437	0.1361267601919814	1.0	6.0	0.0	0.7492557905858233	1.968291140272662	0.3672474309048159
PRKG2	5.0	0.0	0.0	0.3320328931681584	-0.9672100648823304	0.1361267601919814	1.0	4.0	0.0	0.4340666115406488	1.3421059768249928	0.221596461553103
PRKX	14.833333333333334	1.0	0.0	1.0534250756655237	-2.3571768206144896	0.1361267601919814	3.0	12.833333333333334	0.0	1.0081756364797845	1.5650569744206055	0.5127270006705903
PRPF4B	3.5	2.0	0.0	0.188341499831776	0.97602113706556	0.1361267601919814	1.3333333333333333	4.166666666666666	0.0	0.4298032190454091	0.9786263492074332	0.221596461553103
PTK2	5.0	3.333333333333333	0.0	0.5918055655639468	1.2499782530083472	0.1361267601919814	8.333333333333334	0.0	0.0	3.170865461960711	-4.197301440373618	1.8150788195805236
PTK2B	4.5	2.0	0.0	0.3687389284827084	0.5972408304995929	0.1361267601919814	6.5	0.0	0.0	2.3293417521335686	-3.814968106167479	1.3492187237142663
PTK6	8.333333333333334	0.3333333333333333	0.0	0.9255909400378876	-3.030210934349484	0.1361267601919814	8.666666666666666	0.0	0.0	3.170865461960711	-4.260418457626782	1.8150788195805236
RAF1	0.8333333333333333	1.0	0.0	0.6320232147054056	2.0343200731838764	0.1361267601919814	0.25	2.25	0.0	0.414874388847224	2.500749496818071	0.221596461553103
RET	8.583333333333334	1.0	0.0	0.4784329086956684	-1.456969570545549	0.1361267601919814	9.583333333333334	0.0	0.0	3.608945812441887	-4.4260405654746044	2.0904318725639994
RIPK1	3.0	1.5	0.0	0.1907324038040052	0.7639326417664756	0.1361267601919814	0.25	4.25	0.0	0.8389273946699604	3.4585044367024995	0.4071736183413325
RIPK2	1.0	0.0	0.0	0.2484205021040048	0.6811778159804592	0.1361267601919814	0.0	1.0	0.0	0.1724883773162978	0.3257701611817565	0.1594417202030498
RIPK3	0.8333333333333333	0.0	0.0	0.3697458080334412	0.8092918590783208	0.1361267601919814	0.25	0.5833333333333333	0.0	-0.0	0.0	-0.0
ROS1	1.0	0.0	0.0	0.2484205021040048	0.6811778159804592	0.1361267601919814	1.0	0.0	0.0	0.4844179452339363	-1.7243655573865726	0.221596461553103
RPS6KA1	10.333333333333332	1.0	0.0	0.6570658645659402	-1.7548875021634682	0.1361267601919814	2.0	10.333333333333332	0.0	1.041698508739282	1.8137150868370449	0.5386967350396421
RPS6KA2	13.166666666666666	0.0	0.0	1.1124169261684815	-2.345530994190784	0.1361267601919814	1.3333333333333333	12.833333333333332	0.0	1.8543633051218436	2.789843910897436	1.0937972295393126
RPS6KA3	20.0	1.5	0.0	1.63628100123944	-2.275061489849388	0.1407524441462103	1.0	21.166666666666668	0.0	3.935049580450532	4.145147428407916	2.1532942057980637
RPS6KA4	4.833333333333334	2.0	0.0	0.3687389284827084	0.4887031988453614	0.1361267601919814	1.0	5.833333333333334	0.0	0.5958893459836658	1.924168587040354	0.2790207696338477
RPS6KA5	5.666666666666666	1.3333333333333333	0.0	0.2305317563650291	-0.3759679346002517	0.1361267601919814	1.0	6.666666666666665	0.0	0.7606995946296582	2.134301091711591	0.3681103043417218
RPS6KA6	19.416666666666668	1.0	0.0	1.609540213759907	-2.832804019169283	0.1407524441462103	2.25	18.333333333333336	0.0	2.475382084536084	2.6532548877769746	1.3492187237142663
RPS6KB1	7.833333333333333	2.0	0.0	0.1877437463699061	-0.2578490888811079	0.1361267601919814	0.3333333333333333	11.5	0.0	2.4018006020719658	4.632909352245374	1.3492187237142663
RPS6KB2	14.166666666666666	1.5	0.0	1.0087153406960423	-1.6666525166403494	0.1361267601919814	0.3333333333333333	17.5	0.0	3.851480534031458	5.381825048961118	2.1366719490096027
SBK1	3.75	1.0	0.0	0.1805522963401788	-0.1819978337428873	0.1361267601919814	1.75	2.0	0.0	0.1642538966608431	-0.529573930854624	0.1594417202030498
SGK1	5.5	1.0	0.0	0.2424673177379624	-0.7631080089684369	0.1361267601919814	0.0	7.5	0.0	1.131788647550394	2.54401960996745	0.5718820225142814
SGK3	7.333333333333333	0.0	0.0	0.5082016026660098	-1.479469371873842	0.1361267601919814	1.3333333333333333	6.0	0.0	0.7312208046341818	1.5425272344007597	0.3622554758485209
SIK1	3.0	0.5	0.0	0.3352980465256969	-0.874469117916141	0.1361267601919814	0.5	3.0	0.0	0.6189943715031487	1.92283213947754	0.2843970281928991
SIK2	1.0	0.5	0.0	0.1106982974936897	0.7422022425323533	0.1082855441663509	0.0	1.5	0.0	0.1753552779992849	0.6573484261028382	0.1594417202030498
SIK3	2.0	2.5	0.0	0.6614521499827811	2.157297393114563	0.1361267601919814	1.5	3.0	0.0	0.2857796924677664	0.3058084295240854	0.1594417202030498
SLK	1.3333333333333333	0.5	0.0	0.1117591340469754	0.3219280948873624	0.1082855441663509	1.0	0.5	0.0	0.4164234143660507	-1.7273154241324868	0.221596461553103
SMG1	3.1666666666666665	0.5	0.0	0.3385431013388439	-0.9551457642157396	0.1361267601919814	1.5	2.1666666666666665	0.0	0.1670899051364679	-0.1802788211142647	0.1594417202030498
SNRK	3.8333333333333335	0.0	0.0	0.1870019801085675	-0.6364772064283291	0.1361267601919814	0.25	3.583333333333333	0.0	0.6257277541621172	3.198813198873641	0.2843970281928991
SRC	3.25	2.1666666666666665	0.0	0.4980269596992674	1.2117156285488138	0.1361267601919814	5.416666666666666	0.0	0.0	1.9274155929198653	-3.551818048801226	1.1383609795258969
SRMS	4.5	1.0	0.0	0.1748574829680208	-0.4572069535227833	0.1361267601919814	5.5	0.0	0.0	1.9274155929198653	-3.573327800237753	1.1383609795258969
SRPK1	1.5	2.0	0.0	0.8680814762879236	2.230297619421794	0.1361267601919814	0.0	3.5	0.0	0.4490692140980899	1.5446047631050153	0.221596461553103
SRPK2	3.0	1.5	0.0	0.1907324038040052	0.7639326417664756	0.1361267601919814	0.0	3.5	0.0	0.4490692140980899	1.5446047631050153	0.221596461553103
SRPK3	3.0	1.5	0.0	0.1907324038040052	0.7639326417664756	0.1361267601919814	0.0	3.5	0.0	0.4490692140980899	1.5446047631050153	0.221596461553103
STK10	1.0	0.5	0.0	0.1106982974936897	0.7422022425323533	0.1082855441663509	0.0	1.5	0.0	0.1753552779992849	0.6573484261028382	0.1594417202030498
STK11	4.0	1.5	0.0	0.1634513697252894	0.3327754771243547	0.1348608680972862	1.0	4.5	0.0	0.4409873859979228	1.5222267453731937	0.221596461553103
STK16	1.0	0.5	0.0	0.1106982974936897	0.7422022425323533	0.1082855441663509	0.0	1.5	0.0	0.1753552779992849	0.6573484261028382	0.1594417202030498
STK17A	8.5	2.833333333333333	0.0	0.225257238828187	0.162474696957105	0.1361267601919814	2.75	7.249999999999999	0.0	0.5755440890904177	0.7510285627731277	0.2684904950341983
STK24	1.0	0.0	0.0	0.2484205021040048	0.6811778159804592	0.1361267601919814	0.0	1.0	0.0	0.1724883773162978	0.3257701611817565	0.1594417202030498
STK25	1.0	1.0	0.0	0.386428981583118	1.7686744538935444	0.1361267601919814	1.0	1.0	0.0	0.2091741733199828	-0.717600269299275	0.1594417202030498
STK26	5.5	0.3333333333333333	0.0	0.5698262521242927	-2.3832599381518933	0.1361267601919814	1.3333333333333333	4.5	0.0	0.4298032190454091	1.0964628395012912	0.221596461553103
STK32B	9.249999999999998	2.0	0.0	0.2982703856356023	-0.5218757984249067	0.1361267601919814	1.5000000000000002	7.583333333333333	0.0	0.9119426340308738	1.7385696780139597	0.4239180163008867
STK32C	11.249999999999996	2.0	0.0	0.4277542420755744	-0.8391459889726838	0.1361267601919814	2.5	10.916666666666666	0.0	1.012819205986595	1.5675986145369902	0.5136104213040942
STK33	2.1666666666666665	0.5	0.0	0.2245997490320073	-0.3916870120014629	0.1361267601919814	1.0	1.6666666666666663	0.0	0.2063152416615545	0.0324214776923777	0.1594417202030498
STK38	13.0	1.0	0.0	0.9370422768860736	-2.1333991254171982	0.1361267601919814	5.25	8.75	0.0	0.2279396350868766	0.0358451989467221	0.1594417202030498
STK38L	21.0	2.333333333333333	0.0	1.2091516340336763	-1.6818240399737454	0.1361267601919814	6.083333333333333	17.25	0.0	0.8354213708002902	0.9708327022182744	0.4071736183413325
STK39	1.0	0.0	0.0	0.2484205021040048	0.6811778159804592	0.1361267601919814	0.0	1.0	0.0	0.1724883773162978	0.3257701611817565	0.1594417202030498
SYK	4.5	2.0	0.0	0.3687389284827084	0.5972408304995929	0.1361267601919814	6.500000000000001	0.0	0.0	2.3293417521335686	-3.81496810616748	1.3492187237142663
TAOK2	0.0	0.5	0.0	0.3824723050980721	2.306661338234052	0.1361267601919814	0.0	0.5	0.0	0.2032324828163391	-0.0988533869262855	0.1594417202030498
TAOK3	0.0	0.6666666666666666	0.0	0.3824723050980721	2.467126010427298	0.1361267601919814	0.0	0.6666666666666666	0.0	0.2032324828163391	0.056337984149812	0.1594417202030498
TBK1							0.0	1.0	0.0	0.1724883773162978	0.3257701611817565	0.1594417202030498
TEC	4.75	1.5	0.0	0.1660040612263007	0.0726389059855518	0.1361267601919814	6.25	0.0	0.0	2.3293417521335686	-3.75718035434008	1.3492187237142663
TEK	4.5	1.0	0.0	0.1748574829680208	-0.4572069535227833	0.1361267601919814	5.5	0.0	0.0	1.9274155929198653	-3.573327800237753	1.1383609795258969
TGFBR1	1.0	6.666666666666666	0.0	3.320848605002372	4.845490050944375	1.187438817696944	0.8333333333333333	6.333333333333333	0.0	1.2725829556085326	2.321647932726876	0.6512728332994
TGFBR2	1.0	0.0	0.0	0.2484205021040048	0.6811778159804592	0.1361267601919814	0.0	2.0	0.0	0.2993494228083974	0.9300979867698438	0.1594417202030498
TLK1	1.0	0.0	0.0	0.2484205021040048	0.6811778159804592	0.1361267601919814	0.0	1.0	0.0	0.1724883773162978	0.3257701611817565	0.1594417202030498
TLK2	1.0	0.0	0.0	0.2484205021040048	0.6811778159804592	0.1361267601919814	0.0	1.0	0.0	0.1724883773162978	0.3257701611817565	0.1594417202030498
TNIK	1.0	0.5	0.0	0.1106982974936897	0.7422022425323533	0.1082855441663509	0.0	1.5	0.0	0.1753552779992849	0.6573484261028382	0.1594417202030498
TNK1	8.333333333333332	1.0	0.0	0.4784329086956684	-1.4100590051660271	0.1361267601919814	9.333333333333332	0.0	0.0	3.608945812441887	-4.381944861415272	2.0904318725639994
TNK2	8.5	1.3333333333333333	0.0	0.456366166164259	-1.0085114998555178	0.1361267601919814	9.833333333333334	0.0	0.0	3.608945812441887	-4.469395426551736	2.0904318725639994
TP53RK	6.5	2.666666666666667	0.0	0.2367946984381381	0.4862609960520471	0.1361267601919814	2.333333333333333	6.333333333333333	0.0	0.4481460802449262	0.7874950657402129	0.221596461553103
TRPM6	4.833333333333334	0.0	0.0	0.2587653937709713	-0.9238689307840292	0.1361267601919814	0.0	4.833333333333334	0.0	0.6063438244994758	1.9457796090021136	0.2819656463709122
TRPM7	1.3333333333333333	0.0	0.0	0.245825347347446	0.4536051555383315	0.1361267601919814	0.0	1.3333333333333333	0.0	0.1753552779992849	0.5545888516776372	0.1594417202030498
TSSK1B	1.5	0.5	0.0	0.1117591340469754	0.1493776240382266	0.1082855441663509	0.5	0.5	0.0	-0.0	0.0	-0.0
TSSK2	2.0	0.0	0.0	0.1729491989647749	0.0806184602082846	0.1361267601919814	0.0	1.0	0.0	0.1724883773162978	0.3257701611817565	0.1594417202030498
TSSK6	3.0	1.0	0.0	0.1828868920739685	0.15200309344505	0.1361267601919814	0.5	2.5	0.0	0.414874388847224	1.649813645071124	0.221596461553103
TTBK1	1.5000000000000002	0.0	0.0	0.245825347347446	0.3514723705013778	0.1361267601919814	0.5	1.0	0.0	0.2041199826559248	0.2983412745697466	0.1594417202030498
TTBK2	5.833333333333334	1.0	0.0	0.2424673177379624	-0.8535033828614937	0.1361267601919814	0.7499999999999999	5.75	0.0	1.0545271950093151	2.324703176369874	0.5438385926433842
TTK	1.0	0.0	0.0	0.2484205021040048	0.6811778159804592	0.1361267601919814	0.0	1.0	0.0	0.1724883773162978	0.3257701611817565	0.1594417202030498
TXK	4.083333333333334	2.6666666666666665	0.0	0.3852325730692266	1.1967071032656311	0.1361267601919814	6.75	0.0	0.0	2.3293417521335686	-3.871206945715844	1.3492187237142663
TYK2	4.333333333333334	1.5	0.0	0.1660040612263007	0.2118847635180543	0.1361267601919814	5.833333333333334	0.0	0.0	1.9274155929198653	-3.657112286476992	1.1383609795258969
TYRO3	3.5	0.0	0.0	0.1870019801085675	-0.5280601094866791	0.1361267601919814	3.5	0.0	0.0	1.1686885947484615	-2.9749090190371694	0.5910532027519174
UHMK1	3.583333333333333	0.0	0.0	0.1870019801085675	-0.5558613813203898	0.1361267601919814	0.25	4.333333333333334	0.0	0.8389273946699604	3.488219101861936	0.4071736183413325
ULK1	1.5	0.0	0.0	0.245825347347446	0.3514723705013778	0.1361267601919814	1.0	0.5	0.0	0.4164234143660507	-1.7273154241324868	0.221596461553103
ULK2	1.0	0.0	0.0	0.2484205021040048	0.6811778159804592	0.1361267601919814	1.0	0.0	0.0	0.4844179452339363	-1.7243655573865726	0.221596461553103
VRK1	1.5	0.3333333333333333	0.0	0.1117591340469754	-0.4443020937840384	0.1082855441663509	0.3333333333333333	1.5	0.0	0.2063152416615545	1.4833222388453189	0.1594417202030498
VRK2	4.0	0.8333333333333333	0.0	0.4492413988325338	-0.5510666283773177	0.1361267601919814	0.8333333333333333	4.0	0.0	0.829847736818042	1.610473826961827	0.4071736183413325
WNK1	1.5	0.5	0.0	0.1117591340469754	0.1493776240382266	0.1082855441663509	0.0	2.0	0.0	0.2993494228083974	0.9300979867698438	0.1594417202030498
WNK3	1.0	0.0	0.0	0.2484205021040048	0.6811778159804592	0.1361267601919814	0.0	1.0	0.0	0.1724883773162978	0.3257701611817565	0.1594417202030498
WNK4	1.5	0.0	0.0	0.245825347347446	0.3514723705013778	0.1361267601919814	1.0	0.5	0.0	0.4164234143660507	-1.7273154241324868	0.221596461553103
YES1	4.0	0.8333333333333333	0.0	0.4492413988325338	-0.5510666283773177	0.1361267601919814	4.833333333333333	0.0	0.0	1.5397803331290525	-3.3942169556942416	0.8431965682133958
ZAP70	5.333333333333334	0.3333333333333333	0.0	0.5698262521242927	-2.3361204420546224	0.1361267601919814	5.666666666666666	0.0	0.0	1.9274155929198653	-3.615659297944073	1.1383609795258969
