Gene	Activity (Experiment_1)	StdErr (Experiment_1)	ZScore (Experiment_1)	FDR (Experiment_1)	Activity (Experiment_2)	StdErr (Experiment_2)	ZScore (Experiment_2)	FDR (Experiment_2)	Activity (Experiment_3)	StdErr (Experiment_3)	ZScore (Experiment_3)	FDR (Experiment_3)
Abl1	-0.0564546577469962	0.131893600531861	-0.428031818976376	0.992055659880885	-0.011127115219344	0.131893600531861	-0.0843643298421902	0.999578625068804	-0.0743435002511778	0.131893600531861	-0.563662679245903	0.918482540062188
Abl2	0.119196509167694	0.516707292770237	0.230684781955838	0.992055659880885	0.0312809301898906	0.516707292770237	0.060538975601028	0.999578625068804	-0.129930479078354	0.516707292770237	-0.251458574121829	0.918482540062188
Acp1	-0.0469212788855187	0.180284313640128	-0.260262681417642	0.992055659880885	-0.180831090510165	0.180284313640128	-1.00303285881615	0.999578625068804	0.0380311722625288	0.180284313640128	0.210951088836516	0.918482540062188
Adrbk1	0.117550405576659	0.202168045558856	0.581448988398303	0.992055659880885	-0.174901438828958	0.202168045558856	-0.865128998727151	0.999578625068804	-0.0950815970437612	0.202168045558856	-0.470309720712419	0.918482540062188
Akt1	-0.138853573540017	0.0834728106403726	-1.66345870559268	0.992055659880885	-0.0201401341968498	0.0834728106403726	-0.241277777067073	0.999578625068804	-0.0239686766410804	0.0834728106403726	-0.287143519634736	0.918482540062188
Akt2	0.0194997647411566	0.160358192843213	0.12160130016071	0.992055659880885	-0.227888380933257	0.160358192843213	-1.4211209099623	0.999578625068804	-0.0572083583516157	0.160358192843213	-0.356753573592276	0.918482540062188
Atm	-0.17297487100435	0.26476665173953	-0.653310641154754	0.992055659880885	-0.498724243182329	0.26476665173953	-1.88363693050347	0.999578625068804	-0.129473052163534	0.26476665173953	-0.489008156098546	0.918482540062188
Atr	-0.0185600414690966	0.437497879877727	-0.0424231575117204	0.992055659880885	-0.410732986940305	0.437497879877727	-0.938822805393019	0.999578625068804	-0.155694072989355	0.437497879877727	-0.355873891395472	0.918482540062188
Aurka	0.13135796992088	0.297140525636526	0.442073559772734	0.992055659880885	0.0156632922477273	0.297140525636526	0.0527134163681439	0.999578625068804	-0.0886668280584887	0.297140525636526	-0.298400320415901	0.918482540062188
Aurkb	0.0996577985874911	0.186950395568199	0.533070808888105	0.992055659880885	0.0215144166765356	0.186950395568199	0.115080883413735	0.999578625068804	-0.0772412906834293	0.186950395568199	-0.413164628235578	0.918482540062188
Btk	-0.461225175326553	0.238991795410571	-1.92987869953527	0.942851200615368	0.0518676329010594	0.238991795410571	0.217026834799724	0.999578625068804	-0.087002211765584	0.238991795410571	-0.364038487664902	0.918482540062188
Camk1	0.153843143618952	0.367613557956527	0.41849148457453	0.992055659880885	0.0276378442192276	0.367613557956527	0.0751817870180293	0.999578625068804	-0.0912438679947088	0.367613557956527	-0.248205938056015	0.918482540062188
Camk1d	0.0557801189963981	0.340644865406886	0.163748597618728	0.992055659880885	0.0271999560677266	0.340644865406886	0.0798484252367561	0.999578625068804	-0.0727562227393085	0.340644865406886	-0.213583793938606	0.918482540062188
Camk2a	-0.0470991178880859	0.0912478229102098	-0.516167031562305	0.992055659880885	-0.0233099723959448	0.0912478229102098	-0.255457847130034	0.999578625068804	-0.0813070861914595	0.0912478229102098	-0.891057820321563	0.918482540062188
Camk2d	0.00295982355176458	0.195784296785646	0.0151177780872035	0.992642685423546	0.00848590356470234	0.195784296785646	0.0433431266144553	0.999578625068804	-0.0792253156480676	0.195784296785646	-0.404656128958123	0.918482540062188
Camk4	0.022334275844439	0.255122816469859	0.087543231740222	0.992055659880885	0.0270495574591819	0.255122816469859	0.106025630453079	0.999578625068804	-0.0511917582420099	0.255122816469859	-0.20065535082417	0.918482540062188
Cdk1	-0.0361410933529731	0.103310939680861	-0.349828328583759	0.992055659880885	0.0754512232777407	0.103310939680861	0.73033140063209	0.999578625068804	-0.0924049324043505	0.103310939680861	-0.894435116840477	0.918482540062188
Cdk2	0.0186515311213663	0.132732810989094	0.14051937107622	0.992055659880885	-0.159189785257109	0.132732810989094	-1.19932505061005	0.999578625068804	0.0145083726155653	0.132732810989094	0.109305095759309	0.926012379880277
Cdk4	-0.0565401324941138	0.166599538615366	-0.339377485460209	0.992055659880885	-0.171636611484866	0.166599538615366	-1.03023461476162	0.999578625068804	-0.0653654802324404	0.166599538615366	-0.392350907905886	0.918482540062188
Cdk5	0.0787832410191762	0.111480233723637	0.706701433856717	0.992055659880885	0.0146947258098204	0.111480233723637	0.131814630441564	0.999578625068804	-0.0967491079106693	0.111480233723637	-0.867858854247771	0.918482540062188
Cdk6	0.138063582464266	0.216467891484514	0.637801668956263	0.992055659880885	0.158292300909464	0.216467891484514	0.731250717249159	0.999578625068804	-0.0458948178526316	0.216467891484514	-0.212016745476153	0.918482540062188
Cdk7	-0.17280038454312	0.155468766246665	-1.11147974422693	0.992055659880885	0.103199382420361	0.155468766246665	0.663794953235987	0.999578625068804	-0.0460215664658997	0.155468766246665	-0.296018085027333	0.918482540062188
Cdk8	0.0449648411844288	0.183584068585367	0.24492779537414	0.992055659880885	0.0218520079936065	0.183584068585367	0.119029979899619	0.999578625068804	-0.0437632738876645	0.183584068585367	-0.238382743257019	0.918482540062188
Cdkl5	0.0662552463955348	0.614905218792058	0.107748713737849	0.992055659880885	-0.0653999438844242	0.614905218792058	-0.106357763580049	0.999578625068804	-0.112652606302183	0.614905218792059	-0.18320320410271	0.918482540062188
Chek1	0.13898682430269	0.50632432074992	0.274501576572178	0.992055659880885	0.631010735889094	0.50632432074992	1.24625800110589	0.999578625068804	-0.0843022937261017	0.506324320749921	-0.166498606271255	0.918482540062188
Chuk	0.0603101407687121	0.347832937431565	0.173388239808595	0.992055659880885	0.0292464935632265	0.347832937431565	0.0840820129892979	0.999578625068804	-0.129986621406262	0.347832937431565	-0.373704176395994	0.918482540062188
Cilk1	0.162920897520904	0.55364055256391	0.294271972611863	0.992055659880885	0.164154955143152	0.55364055256391	0.296500959662277	0.999578625068804	-0.0980015387861896	0.55364055256391	-0.177012934353064	0.918482540062188
Csf1r	0.0630743482296666	0.364406616926773	0.173087823601022	0.992055659880885	0.020956615605476	0.364406616926773	0.0575088778085696	0.999578625068804	-0.091988445064295	0.364406616926773	-0.252433520115744	0.918482540062188
Csnk1a1	-0.0353099724617276	0.0976743149323363	-0.36150724462402	0.992055659880885	-0.111958234061309	0.0976743149323363	-1.14624027963613	0.999578625068804	-0.0517451871297463	0.0976743149323363	-0.52977271625189	0.918482540062188
Csnk1d	0.0239194963433792	0.122485090618784	0.195284962623125	0.992055659880885	-0.0852533382812531	0.122485090618784	-0.696030331941306	0.999578625068804	-0.0940753137287441	0.122485090618784	-0.768055224137762	0.918482540062188
Csnk1e	-0.064193380663103	0.156654161474775	-0.409777691564483	0.992055659880885	-0.330530837233198	0.156654161474775	-2.10993971766541	0.999578625068804	-0.0618659129320214	0.156654161474775	-0.394920328637317	0.918482540062188
Csnk1g2	0.103717839433367	1	0.103717839433367	0.992055659880885	0.0627813067220332	1	0.0627813067220333	0.999578625068804	-0.181915093701717	1	-0.181915093701717	0.918482540062188
Csnk2a1	-0.108175849510258	0.106193182020944	-1.01867038402638	0.992055659880885	-0.0458719051864295	0.106193182020944	-0.43196657556963	0.999578625068804	-0.125204347339377	0.106193182020944	-1.17902434936626	0.918482540062188
Csnk2b	-0.324750947500376	0.240554203289167	-1.35001152779691	0.992055659880885	0.0149023510181535	0.240554203289167	0.0619500753443067	0.999578625068804	-0.0914521193877249	0.240554203289167	-0.380172610319311	0.918482540062188
Ctdspl	-0.203934703109088	0.25977843881854	-0.785033215368348	0.992055659880885	-0.00631369036607461	0.25977843881854	-0.0243041354578501	0.999578625068804	0.0355881657261315	0.25977843881854	0.136994301328412	0.924079533735615
Dapk1	-0.373084794006809	0.227285160888668	-1.64148329150955	0.992055659880885	0.237631798450605	0.227285160888668	1.04552271481993	0.999578625068804	-0.0811546859087421	0.227285160888668	-0.357061083932771	0.918482540062188
Dclk1	-0.549463835573207	0.313469728144122	-1.7528449679217	0.992055659880885	0.0327943689143963	0.313469728144122	0.104617339315516	0.999578625068804	-0.0952504367427785	0.313469728144122	-0.30385848517719	0.918482540062188
Dusp1	-0.235019744064871	0.149443495937374	-1.57263280406234	0.992055659880885	0.00160272651489642	0.149443495937374	0.0107246321082321	0.999578625068804	0.0183674305769814	0.149443495937374	0.122905519987825	0.924079533735615
Dusp23	-0.0820752205958465	0.256280837424588	-0.320255003927079	0.992055659880885	-0.000803524325888085	0.256280837424588	-0.00313532737743034	0.999578625068804	0.0458852922983207	0.256280837424588	0.179043009065485	0.918482540062188
Dusp4	-0.235019744064871	0.149443495937374	-1.57263280406234	0.992055659880885	0.00160272651489642	0.149443495937374	0.0107246321082321	0.999578625068804	0.0183674305769814	0.149443495937374	0.122905519987825	0.924079533735615
Dyrk1a	0.177321598590803	0.271007342089137	0.654305515208071	0.992055659880885	0.101325950593026	0.271007342089137	0.37388636710698	0.999578625068804	-0.0801706491435535	0.271007342089137	-0.295824639013597	0.918482540062188
Dyrk2	-0.587912153513633	0.508283581387993	-1.15666170429545	0.992055659880885	0.0258384252429294	0.508283581387993	0.0508346643272861	0.999578625068804	-0.0896714893825901	0.508283581387993	-0.176420196650303	0.918482540062188
Dyrk3	0.0698587242924742	0.310669373881461	0.224865178757947	0.992055659880885	-0.0469767024207832	0.310669373881461	-0.151211243753649	0.999578625068804	-0.0730247767714007	0.310669373881461	-0.235056245998887	0.918482540062188
Egfr	-0.0831922541611453	0.163583710447943	-0.508560748092454	0.992055659880885	0.250075551011639	0.163583710447943	1.52873137751219	0.999578625068804	-0.0781753562443575	0.163583710447943	-0.477892059241651	0.918482540062188
Eif2ak2	0.0381177175719236	0.303055471689837	0.125778021295505	0.992055659880885	0.100483198772668	0.303055471689837	0.331567017128493	0.999578625068804	-0.0878870307551557	0.303055471689837	-0.290003114826132	0.918482540062188
Eif2ak3	0.0552500380074535	0.508438085308374	0.108666206572515	0.992055659880885	0.136701422203708	0.508438085308374	0.268865425611846	0.999578625068804	-0.0878870307551555	0.508438085308374	-0.172856898990663	0.918482540062188
Eif2ak4	0.0552500380074535	0.508438085308374	0.108666206572515	0.992055659880885	0.136701422203708	0.508438085308374	0.268865425611846	0.999578625068804	-0.0878870307551555	0.508438085308374	-0.172856898990663	0.918482540062188
Epha2	0.0574785841416713	0.505907000882474	0.113614921401382	0.992055659880885	-0.799248171165071	0.505907000882474	-1.57983220190847	0.999578625068804	-0.0891948684101879	0.505907000882474	-0.176306847413856	0.918482540062188
Epha4	-0.136241821011265	0.307837015863179	-0.442577773271487	0.992055659880885	0.14042105535602	0.307837015863179	0.456153900018415	0.999578625068804	-0.0751796224482074	0.307837015863179	-0.24421891642044	0.918482540062188
Epha8	0.054770425400468	0.507182523284409	0.107989575519649	0.992055659880885	0.0277269081996368	0.507182523284409	0.0546685008388755	0.999578625068804	-0.0890129169921496	0.50718252328441	-0.175504700784483	0.918482540062188
Erbb2	-0.649109432574833	0.504475707291978	-1.28670107042269	0.992055659880885	0.0280744196700399	0.504475707291978	0.0556506869691371	0.999578625068804	-0.0877063477558302	0.504475707291978	-0.173856434488466	0.918482540062188
Fer	0.0465641217449318	0.165619622332552	0.28115099581277	0.992055659880885	-0.0218017992494293	0.165619622332552	-0.131637779040776	0.999578625068804	-0.0543340359578648	0.165619622332552	-0.328065208654842	0.918482540062188
Fes	0.0571419353587448	0.362280472070222	0.157728444572825	0.992055659880885	0.106741061374135	0.362280472070222	0.29463653054268	0.999578625068804	-0.0899052581889066	0.362280472070222	-0.248164792529805	0.918482540062188
Fgfr1	0.0487523073557434	0.299868174192249	0.162579131603635	0.992055659880885	0.0732018132052431	0.299868174192249	0.24411331213266	0.999578625068804	-0.0915896181526425	0.299868174192249	-0.305432940322381	0.918482540062188
Fgr	0.0538095107766653	0.505092804312274	0.106533908852516	0.992055659880885	0.0269701230959372	0.505092804312274	0.053396371648294	0.999578625068804	-0.0888984886260014	0.505092804312274	-0.176004266675396	0.918482540062188
Flt3	1.57644404332094	1	1.57644404332094	0.992055659880885	0.0627813067220332	1	0.0627813067220333	0.999578625068804	-0.181915093701717	1	-0.181915093701717	0.918482540062188
Frk	-0.0788124985794291	0.504770586019586	-0.156135283557055	0.992055659880885	-0.0218027932437047	0.504770586019586	-0.0431934701576663	0.999578625068804	-0.0859898113767098	0.504770586019586	-0.170354243607557	0.918482540062188
Fyn	0.0399733145879304	0.0987039416405362	0.404981948274232	0.992055659880885	-0.173088631137295	0.0987039416405362	-1.75361417447396	0.999578625068804	-0.074754506169481	0.0987039416405363	-0.757360900963051	0.918482540062188
Grk1	0.0536195414561648	0.511041302441387	0.104922128994289	0.992055659880885	-0.265027138804018	0.511041302441387	-0.518602190347257	0.999578625068804	-0.0821481437348468	0.511041302441387	-0.160746584165315	0.918482540062188
Grk3	0.102425278637654	0.224448227879968	0.456342558839138	0.992055659880885	-0.123382581039971	0.224448227879968	-0.549715104482603	0.999578625068804	-0.0931018367409429	0.224448227879968	-0.414803171405446	0.918482540062188
Grk5	0.0698883174407996	0.244411792965331	0.285944948043948	0.992055659880885	-0.0339817482546198	0.244411792965331	-0.139034814328456	0.999578625068804	-0.0825573282520009	0.244411792965331	-0.337779643323968	0.918482540062188
Grk6	0.057581326584112	0.236524899412984	0.243447208843633	0.992055659880885	-0.037566563798682	0.236524899412984	-0.158827099776455	0.999578625068804	-0.0669679366991232	0.236524899412984	-0.283132713998934	0.918482540062188
Gsk3a	-0.068296612366553	0.162098837566384	-0.421326971814859	0.992055659880885	0.0507799739401467	0.162098837566384	0.313265503334353	0.999578625068804	-0.0779594318275208	0.162098837566384	-0.480937636555194	0.918482540062188
Gsk3b	-0.0750893652367172	0.0900339219554326	-0.834011932456823	0.992055659880885	-0.0560140360610461	0.0900339219554326	-0.622143685896227	0.999578625068804	-0.0563330427115808	0.0900339219554326	-0.625686868772261	0.918482540062188
Gucy2e	0.059648863922216	0.543308331846354	0.109788237039377	0.992055659880885	0.0243357442390079	0.543308331846354	0.0447917744171278	0.999578625068804	-0.0970337550942974	0.543308331846354	-0.178597951488324	0.918482540062188
Hck	0.168441359983569	0.385188363564436	0.437296076197254	0.992055659880885	0.179527040634515	0.385188363564436	0.466075971177367	0.999578625068804	-0.0857991740730588	0.385188363564436	-0.222746017764127	0.918482540062188
Hipk2	0.445658061653444	0.222850449838383	1.99980777232734	0.873176025048122	-0.0487848138337274	0.222850449838383	-0.218912790479478	0.999578625068804	-0.0956116030132701	0.222850449838383	-0.429039309019165	0.918482540062188
Igf1r	-0.0234755142476253	0.502609521231638	-0.0467072613151037	0.992055659880885	0.121795790180053	0.502609521231638	0.242326866155647	0.999578625068804	-0.10310729642479	0.502609521231638	-0.205143937926458	0.918482540062188
Ikbkb	0.0658877714369266	0.313740729285357	0.210007070446374	0.992055659880885	0.187987567111778	0.313740729285357	0.59918126518026	0.999578625068804	-0.144535591199304	0.313740729285357	-0.460684819368301	0.918482540062188
Ikbke	0.0924617820880701	0.192336725342724	0.480728690390839	0.992055659880885	-0.197816503891479	0.192336725342724	-1.02849054718485	0.999578625068804	-0.0882062734841641	0.192336725342724	-0.458603385947171	0.918482540062188
Insr	0.320559644182203	0.268023226224405	1.19601442269713	0.992055659880885	0.339151878144908	0.268023226224405	1.26538241824218	0.999578625068804	-0.0809770191090661	0.268023226224405	-0.302126872546737	0.918482540062188
Irak1	0.844997579764746	0.370566579622862	2.28028544998507	0.867590399863133	0.0445115058903386	0.370566579622862	0.120117431894801	0.999578625068804	-0.103410380784239	0.370566579622862	-0.279060191800036	0.918482540062188
Itk	-2.03573495613448	0.505491615046726	-4.02723783251341	0.0119079831771771	0.0459296861268059	0.505491615046726	0.090861420367102	0.999578625068804	-0.0889447971587531	0.505491615046726	-0.175957017903316	0.918482540062188
Jak1	-0.266255460871517	1	-0.266255460871517	0.992055659880885	0.0488513535450134	1	0.0488513535450134	0.999578625068804	-0.181915093701717	1	-0.181915093701717	0.918482540062188
Jak2	0.0966338594880983	0.129504867575454	0.746179362191124	0.992055659880885	0.0219549247315128	0.129504867575454	0.169529726121847	0.999578625068804	-0.0846514651691324	0.129504867575454	-0.653654698498584	0.918482540062188
Kdr	0.0443374550737153	0.295647684945563	0.149967198565681	0.992055659880885	0.0210099863584288	0.295647684945563	0.0710642681416473	0.999578625068804	-0.0714485506789388	0.295647684945563	-0.241667884841021	0.918482540062188
Lck	0.0632079118598543	0.11768826880353	0.537079120140463	0.992055659880885	-0.165406646136408	0.11768826880353	-1.40546417937831	0.999578625068804	-0.0617941727553999	0.11768826880353	-0.525066545575239	0.918482540062188
Lrrk1	0.179110137237584	0.50532218306289	0.354447406507963	0.992055659880885	0.921692645799692	0.50532218306289	1.82397028409295	0.999578625068804	-0.0881679114856763	0.505322183062891	-0.174478608778398	0.918482540062188
Lrrk2	-0.0262371125377008	0.504790072301797	-0.0519762847515243	0.992055659880885	0.0353029113163731	0.504790072301797	0.0699358272942948	0.999578625068804	-0.0882842934571586	0.504790072301797	-0.174893085861594	0.918482540062188
Lyn	0.115054305344948	0.10607727674577	1.08462725358884	0.992055659880885	-0.006536776349025	0.10607727674577	-0.06162277680536	0.999578625068804	-0.0733469758002514	0.10607727674577	-0.691448518008604	0.918482540062188
Map2k1	0.0788171535714338	0.12205777232868	0.645736457971664	0.992055659880885	0.072598469144307	0.12205777232868	0.594787761231722	0.999578625068804	-0.0366892976383971	0.12205777232868	-0.300589605548422	0.918482540062188
Map2k4	0.0681002833793812	0.505784523848947	0.134642876893796	0.992055659880885	0.0274404614332614	0.505784523848947	0.0542532642644805	0.999578625068804	-0.0795957556142056	0.505784523848947	-0.157370880011301	0.918482540062188
Map3k1	-0.0852662751693371	0.356416071672615	-0.239232408261483	0.992055659880885	-0.078916956481859	0.356416071672615	-0.221418063757652	0.999578625068804	-0.077242143044449	0.356416071672615	-0.216719023589373	0.918482540062188
Map3k2	-0.0461803872342271	0.268050253385611	-0.17228257258087	0.992055659880885	-0.0883300052275929	0.268050253385611	-0.329527781122905	0.999578625068804	-0.0907962966503568	0.268050253385611	-0.338728635782109	0.918482540062188
Map3k3	0.0463334743856752	0.415302399698185	0.111565631258927	0.992055659880885	-0.0116759346864576	0.415302399698185	-0.0281142962211221	0.999578625068804	-0.0863984002444451	0.415302399698185	-0.208037324867937	0.918482540062188
Map3k5	0.0378441435272742	0.209479138719044	0.180658292556908	0.992055659880885	0.112249098411845	0.209479138719044	0.535848577086212	0.999578625068804	2.10081567092855	0.209479138719044	10.0287583946303	8.01380233274812e-22
Map3k7	0.12746405699234	0.517548076785612	0.24628447618624	0.992055659880885	0.116147959058636	0.517548076785612	0.224419651561663	0.999578625068804	1.32093415150754	0.517548076785612	2.5522926482726	0.322578572482728
Mapk1	-0.0397800942968194	0.0657254840514914	-0.605246121362217	0.992055659880885	0.0901114529739903	0.0657254840514914	1.37102760480842	0.999578625068804	0.0116907149689595	0.0657254840514914	0.177871873256964	0.918482540062188
Mapk10	0.139146975437905	0.194399070289025	0.715780045815175	0.992055659880885	-0.00534428313042107	0.194399070289025	-0.0274912998425116	0.999578625068804	-0.0633840811393118	0.194399070289025	-0.326051359428185	0.918482540062188
Mapk11	0.0126390351025709	0.131671967967989	0.095988806863155	0.992055659880885	0.00854383692310959	0.131671967967989	0.0648872881218474	0.999578625068804	-0.0141821535608825	0.131671967967989	-0.107708222028931	0.926012379880277
Mapk14	-0.187793252179502	0.085009949576849	-2.2090737979998	0.867590399863133	-0.0487878716269226	0.085009949576849	-0.573907782203992	0.999578625068804	-0.0363652744326709	0.085009949576849	-0.427776685125506	0.918482540062188
Mapk3	0.0445498896199466	0.0673314005463031	0.661651016590842	0.992055659880885	0.037348226623404	0.0673314005463031	0.554692555336347	0.999578625068804	0.0394297886054955	0.0673314005463031	0.585607729611685	0.918482540062188
Mapk7	-0.524864665927899	0.359451505222516	-1.46018213389588	0.992055659880885	-0.171954353099812	0.359451505222516	-0.478379838730582	0.999578625068804	-0.0821606638422336	0.359451505222516	-0.228572318236288	0.918482540062188
Mapk8	0.0576229433979888	0.0847393397102487	0.680002270433312	0.992055659880885	0.0504841391598007	0.0847393397102487	0.595757995429541	0.999578625068804	-0.0631353031601934	0.0847393397102487	-0.745053045917911	0.918482540062188
Mapk9	0.0616874455420645	0.105568304339823	0.584336803814653	0.992055659880885	0.0629182238282117	0.105568304339823	0.595995400529301	0.999578625068804	-0.0511517963460523	0.105568304339823	-0.484537443941465	0.918482540062188
Mapkapk2	-0.00620402119052313	0.102054980265054	-0.060790969479493	0.992055659880885	-0.0990017551608401	0.102054980265054	-0.970082546718604	0.999578625068804	2.56933158090953	0.102054980265054	25.1759549042737	1.5502418378512e-137
Mapkapk3	0.134140321817039	0.189784063077265	0.706804984791728	0.992055659880885	-0.31141236197604	0.189784063077265	-1.64087730511522	0.999578625068804	2.0600844267242	0.189784063077265	10.8548863024684	1.99439216361735e-25
Mapkapk5	0.0396760115639208	0.301291684010491	0.131686381236262	0.992055659880885	-0.0782495934610233	0.301291684010491	-0.259713751204294	0.999578625068804	-0.05073576134888	0.301291684010491	-0.168394164331178	0.918482540062188
Mark2	0.0328254062982687	0.456596858423483	0.07189144141641	0.992055659880885	0.438812436259261	0.456596858423483	0.961050055785255	0.999578625068804	-0.114057443604215	0.456596858423483	-0.249799010878058	0.918482540062188
Mark4	-0.00262081048877725	0.336291072238615	-0.00779328000392961	0.993781925149598	0.112715185713292	0.336291072238615	0.335171507714945	0.999578625068804	-0.0801286183453636	0.336291072238615	-0.238271619320624	0.918482540062188
Melk	0.183440601930557	0.250603513365313	0.731995331857737	0.992055659880885	-0.100615673302213	0.250603513365313	-0.401493466516338	0.999578625068804	0.217205233947698	0.250603513365313	0.866728606598066	0.918482540062188
Met	0.0437779269280044	0.213627472618209	0.204926484367689	0.992055659880885	0.10550630877385	0.213627472618209	0.493879871726091	0.999578625068804	-0.0742621279481288	0.213627472618209	-0.34762442787894	0.918482540062188
Mknk1	0.0333455166035242	0.213860780240274	0.155921607346893	0.992055659880885	-0.357377536693127	0.213860780240274	-1.67107562355104	0.999578625068804	-0.0460771969432235	0.213860780240274	-0.215454170191727	0.918482540062188
Mst1r	-0.0542024939724554	0.360471087701447	-0.150365718144218	0.992055659880885	0.0470641449363685	0.360471087701447	0.130562884353567	0.999578625068804	-0.0893226609408737	0.360471087701447	-0.247794244776861	0.918482540062188
Mtor	-0.0774608186585374	0.0933549155533416	-0.82974547402678	0.992055659880885	-0.108918046798578	0.0933549155533416	-1.16670928523676	0.999578625068804	-0.089622317039943	0.0933549155533416	-0.96001711863511	0.918482540062188
Mylk2	0.0753989409569228	0.516901504629682	0.14586713383808	0.992055659880885	0.0477399440350875	0.516901504629682	0.092357912692263	0.999578625068804	-0.0908667425395982	0.516901504629682	-0.175791213075878	0.918482540062188
Myo3a	-1.13127071199772	0.707106781186547	-1.59985838362264	0.992055659880885	0.0424144219521962	0.707106781186547	0.0599830507650111	0.999578625068804	-0.181915093701717	0.707106781186547	-0.257266792713341	0.918482540062188
Myo3b	0.0835222624752551	0.707106781186547	0.118118316352591	0.992055659880885	-0.187316504933744	0.707106781186547	-0.264905541733628	0.999578625068804	-0.181915093701717	0.707106781186547	-0.257266792713341	0.918482540062188
Nlk	0.0609910699941679	0.261272093360738	0.233438899691279	0.992055659880885	0.0665600092378545	0.261272093360738	0.254753611002592	0.999578625068804	-0.0579270337715394	0.261272093360738	-0.221711523134465	0.918482540062188
Ntrk2	0.47696410541194	0.36151665329426	1.31934200282528	0.992055659880885	-0.160348662782876	0.36151665329426	-0.44354433280383	0.999578625068804	-0.0902340952138474	0.36151665329426	-0.249598723576367	0.918482540062188
Pak1	0.0486733804874505	0.144708516537542	0.336354636562273	0.992055659880885	0.0721609616182813	0.144708516537542	0.498664234454788	0.999578625068804	-0.0350685984942339	0.144708516537542	-0.242339561853888	0.918482540062188
Pak2	-0.584581090273369	0.360768350144803	-1.62037797949497	0.992055659880885	-0.633197324008498	0.360768350144803	-1.7551354595112	0.999578625068804	-0.0876208904562425	0.360768350144803	-0.242872997093769	0.918482540062188
Pak4	-0.154218082639268	0.221786809860244	-0.695343797660676	0.992055659880885	0.0259622270027093	0.221786809860244	0.117059382472154	0.999578625068804	-0.0913644219640148	0.221786809860244	-0.411947049608527	0.918482540062188
Pak7	0.0262158039867664	0.0712512441255069	0.367934683927596	0.992055659880885	0.0173768908460442	0.0712512441255069	0.243881928790399	0.999578625068804	0.00661660612447735	0.0712512441255069	0.0928630258416597	0.926012379880277
Pdgfrb	0.0481216809493285	0.341339607128687	0.140978895927499	0.992055659880885	0.360015897276482	0.341339607128687	1.05471468812218	0.999578625068804	-0.0589955573464835	0.341339607128687	-0.172835370154515	0.918482540062188
Pdp1	-0.136730714220365	0.507161334744997	-0.269600036227356	0.992055659880885	-0.118185119774296	0.507161334744997	-0.233032590770589	0.999578625068804	0.0884311585181139	0.507161334744997	0.174364945550468	0.918482540062188
Pdp2	-0.136730714220365	0.507161334744997	-0.269600036227356	0.992055659880885	-0.118185119774296	0.507161334744997	-0.233032590770589	0.999578625068804	0.0884311585181139	0.507161334744997	0.174364945550468	0.918482540062188
Pdpk1	0.0649885979634742	0.123050486449218	0.528145802904196	0.992055659880885	0.0499536032355062	0.123050486449218	0.405960225570677	0.999578625068804	0.414605415010782	0.123050486449218	3.36939273443576	0.0264924588660925
Phlpp1	-0.028775049877288	0.339287739420935	-0.0848101671059453	0.992055659880885	-0.206172340895419	0.339287739420935	-0.60766221982349	0.999578625068804	0.0656440148628328	0.339287739420936	0.193475941614831	0.918482540062188
Phlpp2	-0.028775049877288	0.339287739420935	-0.0848101671059453	0.992055659880885	-0.206172340895419	0.339287739420935	-0.607662219823489	0.999578625068804	0.0656440148628327	0.339287739420936	0.19347594161483	0.918482540062188
Pik3ca	0.00906700923300762	0.11785426862525	0.0769340757765732	0.992055659880885	0.0645946748925833	0.11785426862525	0.548089395879072	0.999578625068804	-0.0120176595006638	0.11785426862525	-0.101970506803426	0.926012379880277
Pik3cd	-0.0364506172040106	0.449036463123186	-0.0811751833035683	0.992055659880885	0.160520651890927	0.449036463123186	0.357477989146933	0.999578625068804	-0.109955387659327	0.449036463123186	-0.244869619038404	0.918482540062188
Pim1	-0.212043119010224	0.178292646088403	-1.18929817725116	0.992055659880885	0.0193044357614084	0.178292646088403	0.108273875479063	0.999578625068804	-0.0245433546828402	0.178292646088403	-0.1376576949263	0.924079533735615
Pim2	0.00746674749994511	0.253905313440575	0.0294076063189306	0.992055659880885	0.0994795349705557	0.253905313440575	0.391797767532101	0.999578625068804	-0.0564748519228744	0.253905313440575	-0.222424852625591	0.918482540062188
Pim3	0.139984998957358	0.18521597827641	0.755793319021585	0.992055659880885	0.0705223135531389	0.18521597827641	0.380757179857852	0.999578625068804	-0.0499038953782322	0.18521597827641	-0.269436232460233	0.918482540062188
Pkn1	0.0580239529992455	0.258756854347809	0.224241221147527	0.992055659880885	-0.523378318649524	0.258756854347809	-2.0226645588527	0.999578625068804	-0.0785008794019115	0.258756854347809	-0.303377004639244	0.918482540062188
Plk1	0.00921717857432574	0.202892978189467	0.0454287706581867	0.992055659880885	-0.125262678276645	0.202892978189467	-0.617383013421349	0.999578625068804	-0.0904463571663319	0.202892978189467	-0.445783575032699	0.918482540062188
Plk4	0.0658336084075548	0.210568156319219	0.312647503584311	0.992055659880885	-0.0378772283396612	0.210568156319219	-0.179881084594006	0.999578625068804	-0.0975313826425982	0.210568156319219	-0.463182013593459	0.918482540062188
Ppm1a	-0.0745493521800829	0.15442735104614	-0.482747076052668	0.992055659880885	0.242658419210177	0.15442735104614	1.57134353187004	0.999578625068804	0.0526493680210142	0.15442735104614	0.340932921949063	0.918482540062188
Ppm1b	-0.0745493521800829	0.15442735104614	-0.482747076052668	0.992055659880885	0.242658419210177	0.15442735104614	1.57134353187004	0.999578625068804	0.0526493680210142	0.15442735104614	0.340932921949063	0.918482540062188
Ppm1d	-0.0274558006987188	0.123511119951846	-0.222294160310611	0.992055659880885	0.148519382459528	0.123511119951846	1.20247782157131	0.999578625068804	-0.66569489595962	0.123511119951846	-5.38975677833023	3.72167627053189e-06
Ppm1l	-0.0177644147022217	0.173376016774155	-0.102461776621401	0.992055659880885	-0.0335888544921077	0.173376016774155	-0.193734145685568	0.999578625068804	-0.812999690001739	0.173376016774155	-4.68922810160517	0.000115728249681399
Ppp1ca	-0.108329340391615	0.0914120988886613	-1.18506567192553	0.992055659880885	0.0179709234292771	0.0914120988886613	0.196592394745967	0.999578625068804	0.0360751545842425	0.0914120988886613	0.394643105484117	0.918482540062188
Ppp1cb	-0.0566610871525395	0.0905305474187413	-0.625878101570053	0.992055659880885	0.025586403060528	0.0905305474187413	0.282627287584822	0.999578625068804	0.032379591515844	0.0905305474187413	0.357664815237171	0.918482540062188
Ppp1cc	-0.0566610871525395	0.0905305474187413	-0.625878101570053	0.992055659880885	0.025586403060528	0.0905305474187413	0.282627287584822	0.999578625068804	0.032379591515844	0.0905305474187413	0.357664815237171	0.918482540062188
Ppp2ca	-0.00186237073690679	0.0673835980488382	-0.0276383391631445	0.992055659880885	0.106577443754692	0.0673835980488382	1.58165261043862	0.999578625068804	0.0324286650137154	0.0673835980488382	0.481254577563694	0.918482540062188
Ppp2cb	0.00274319896048819	0.0679326164166004	0.0403811763066121	0.992055659880885	0.121809724908728	0.0679326164166004	1.79309632594928	0.999578625068804	0.0264497990743712	0.0679326164166004	0.389353457434443	0.918482540062188
Ppp3ca	-0.0675531580271801	0.072251918049612	-0.934966985662505	0.992055659880885	-0.00814657606843012	0.072251918049612	-0.112752384827158	0.999578625068804	0.015189968515229	0.0722519180496121	0.210236197533174	0.918482540062188
Ppp3cb	-0.0675531580271801	0.072251918049612	-0.934966985662505	0.992055659880885	-0.00814657606843012	0.072251918049612	-0.112752384827158	0.999578625068804	0.015189968515229	0.0722519180496121	0.210236197533174	0.918482540062188
Ppp3cc	-0.0675531580271801	0.072251918049612	-0.934966985662505	0.992055659880885	-0.00814657606843012	0.072251918049612	-0.112752384827158	0.999578625068804	0.015189968515229	0.0722519180496121	0.210236197533174	0.918482540062188
Ppp5c	-0.0257876452052239	0.116724762638939	-0.220926944910499	0.992055659880885	-0.049085056796531	0.116724762638939	-0.420519653986055	0.999578625068804	-0.249889096954458	0.116724762638939	-2.1408404806736	0.756948533301414
Prkaa1	0.101821553128639	0.113472339188069	0.897324879853585	0.992055659880885	-0.0398574720454641	0.113472339188069	-0.351252757550054	0.999578625068804	-0.0898999266775074	0.113472339188069	-0.792262919058253	0.918482540062188
Prkaa2	-0.007237712135949	0.18298915888867	-0.0395526826829802	0.992055659880885	-0.193296697520556	0.18298915888867	-1.0563286846854	0.999578625068804	-0.0812324389231912	0.18298915888867	-0.443919407119702	0.918482540062188
Prkab1	0.68921052958724	0.340469830894565	2.02429251301468	0.873176025048122	0.0114583281472313	0.340469830894565	0.0336544595364739	0.999578625068804	-0.0673976889379215	0.340469830894565	-0.197954951723147	0.918482540062188
Prkaca	0.0965947346300202	0.0611444419573869	1.57977947852299	0.992055659880885	0.0642431815639654	0.0611444419573869	1.05067900707538	0.999578625068804	-0.0734483912498944	0.0611444419573869	-1.20122759973969	0.918482540062188
Prkacb	0.0925063798557996	0.337060285703842	0.27445054721481	0.992055659880885	-0.172921004944664	0.337060285703842	-0.513026933990677	0.999578625068804	-0.0721891244173948	0.337060285703842	-0.214172738466209	0.918482540062188
Prkca	0.00694629350165749	0.106037811623008	0.065507703293174	0.992055659880885	0.104372447167388	0.106037811623008	0.984294616890614	0.999578625068804	0.0176188064313876	0.106037811623008	0.166155884978342	0.918482540062188
Prkcb	-0.0134754918841368	0.124439318474564	-0.108289663181427	0.992055659880885	0.0163757994767448	0.124439318474564	0.131596666371105	0.999578625068804	-0.0645854148106644	0.124439318474564	-0.519011318949534	0.918482540062188
Prkcd	-0.0639471747122348	0.128484367073955	-0.497703932147847	0.992055659880885	0.0574165099170523	0.128484367073955	0.446875454381183	0.999578625068804	0.205851415380893	0.128484367073955	1.6021514528877	0.918482540062188
Prkce	0.00917334625701932	0.108807212664664	0.0843082552375542	0.992055659880885	0.197076383720764	0.108807212664664	1.81124374840976	0.999578625068804	-0.0474002436088851	0.108807212664664	-0.435635124253842	0.918482540062188
Prkcg	-0.00737428050411141	0.204129574841569	-0.0361254879888659	0.992055659880885	0.212377195060838	0.204129574841569	1.04040384753493	0.999578625068804	-0.0712491840195402	0.204129574841569	-0.349039006595878	0.918482540062188
Prkch	0.0162026094838952	0.206857141710503	0.0783275324695859	0.992055659880885	0.0290652011649488	0.206857141710503	0.14050856994643	0.999578625068804	-0.0327213142852607	0.206857141710503	-0.158183150045911	0.918482540062188
Prkci	0.1000312223969	0.202197719354421	0.494719835200321	0.992055659880885	-0.0801609515973177	0.202197719354421	-0.396448346960868	0.999578625068804	-0.0487799691097574	0.202197719354421	-0.24124885911425	0.918482540062188
Prkcq	0.0917201576263153	0.161318007731712	0.568567383864888	0.992055659880885	8.51944891626895e-05	0.161318007731712	0.000528115182927231	0.999578625068804	-0.074911559293296	0.161318007731712	-0.46437195912983	0.918482540062188
Prkcz	0.0232499707359611	0.159446595633648	0.145816664467276	0.992055659880885	-0.0118565736283384	0.159446595633648	-0.0743607825630886	0.999578625068804	-0.0788498672831562	0.159446595633648	-0.494522112371252	0.918482540062188
Prkd1	0.2721845464355	0.165151813726471	1.64808693464488	0.992055659880885	0.0516441768375079	0.165151813726471	0.312707294411205	0.999578625068804	-0.0750552891599667	0.165151813726471	-0.454462397150997	0.918482540062188
Prkdc	-0.0503620034128724	0.202858198946015	-0.248262104635341	0.992055659880885	0.0787028470813487	0.202858198946015	0.387969761588455	0.999578625068804	-0.0549838514154833	0.202858198946015	-0.271045743781427	0.918482540062188
Prkg1	0.105126329621822	0.186825039486154	0.56269935716841	0.992055659880885	-0.147603768597652	0.186825039486154	-0.790064163795297	0.999578625068804	-0.0853639975520798	0.186825039486154	-0.456919467470024	0.918482540062188
Prkg2	0.103717839433367	1	0.103717839433367	0.992055659880885	-0.965323257938865	1	-0.965323257938865	0.999578625068804	-0.181915093701717	1	-0.181915093701717	0.918482540062188
Pten	-0.0177133608400141	0.156210585585758	-0.113394113296436	0.992055659880885	0.0104531372405594	0.156210585585758	0.0669169582929496	0.999578625068804	0.0421450832281537	0.156210585585758	0.269796589457227	0.918482540062188
Ptk2	0.0919155082482606	0.163734650358674	0.561368702635099	0.992055659880885	0.0888947746801136	0.163734650358674	0.542919745364724	0.999578625068804	-0.059353090208649	0.163734650358674	-0.362495599304308	0.918482540062188
Ptk2b	-0.545384137053131	0.24943806959293	-2.18645108159781	0.867590399863133	0.112185013043694	0.24943806959293	0.449750967150981	0.999578625068804	-0.0902851481332912	0.24943806959293	-0.361954164737692	0.918482540062188
Ptk6	-1.72937209108119	0.506146165847548	-3.41674442635624	0.0668603551716388	0.0298782556044917	0.506146165847548	0.059030884002569	0.999578625068804	-0.0856608679617714	0.506146165847549	-0.169241364929301	0.918482540062188
Ptp4a3	-0.0745493521800829	0.15442735104614	-0.482747076052668	0.992055659880885	0.242658419210177	0.15442735104614	1.57134353187004	0.999578625068804	0.0526493680210142	0.15442735104614	0.340932921949063	0.918482540062188
Ptpn1	-0.0146072082922429	0.100283149040353	-0.145659649024036	0.992055659880885	-0.0471694378900498	0.100283149040353	-0.47036255184876	0.999578625068804	0.0445199996136501	0.100283149040353	0.443942975860638	0.918482540062188
Ptpn11	-0.04702651118236	0.0749339798344152	-0.627572581708277	0.992055659880885	-0.0194265088695446	0.0749339798344152	-0.259248326493163	0.999578625068804	0.0306687042216787	0.0749339798344152	0.409276329502966	0.918482540062188
Ptpn12	0.158635980975276	0.127536704164636	1.24384569927803	0.992055659880885	-0.120522263305531	0.127536704164636	-0.945000610568941	0.999578625068804	0.0482814485185957	0.127536704164636	0.378569046729244	0.918482540062188
Ptpn18	-0.045720876820105	0.0994927806557109	-0.459539642160766	0.992055659880885	-0.00164628350436703	0.0994927806557109	-0.0165467634286341	0.999578625068804	0.0170667871505553	0.0994927806557109	0.17153794514613	0.918482540062188
Ptpn2	-0.0421451597854922	0.144216345643108	-0.292235665780832	0.992055659880885	-0.0208235837960139	0.144216345643108	-0.144391287292399	0.999578625068804	0.045106680714543	0.144216345643108	0.312770931154839	0.918482540062188
Ptpn22	-0.0857119228171912	0.0982334500484098	-0.872532958732001	0.992055659880885	-0.0120400161641427	0.0982334500484098	-0.122565339588595	0.999578625068804	0.0295843166653585	0.0982334500484098	0.30116336798493	0.918482540062188
Ptpn5	-0.045720876820105	0.0994927806557109	-0.459539642160766	0.992055659880885	-0.00164628350436703	0.0994927806557109	-0.0165467634286341	0.999578625068804	0.0170667871505553	0.0994927806557109	0.17153794514613	0.918482540062188
Ptpn6	-0.0757141613186279	0.0812955697321663	-0.931344248746559	0.992055659880885	-0.00944158299938287	0.0812955697321663	-0.116138960960466	0.999578625068804	0.0264549342868794	0.0812955697321663	0.32541667859684	0.918482540062188
Ptpra	-0.0679044554457322	0.0876990954353086	-0.774289120186218	0.992055659880885	-0.0104134435035716	0.0876990954353086	-0.118740603331001	0.999578625068804	0.0342103085823389	0.0876990954353086	0.390087359653261	0.918482540062188
Ptprb	-0.0214513103160341	0.164905479609952	-0.130082459156436	0.992055659880885	-0.00925359634087499	0.164905479609952	-0.0561145473319768	0.999578625068804	0.0305985902803141	0.164905479609952	0.185552295488836	0.918482540062188
Ptprc	-0.196398836706252	0.0935136366743725	-2.10021600796192	0.873176025048122	0.163868093506828	0.0935136366743725	1.75234435676414	0.999578625068804	0.036326091467514	0.0935136366743725	0.388457691940765	0.918482540062188
Ptpre	-0.235019744064871	0.149443495937374	-1.57263280406234	0.992055659880885	0.00160272651489642	0.149443495937374	0.0107246321082321	0.999578625068804	0.0183674305769814	0.149443495937374	0.122905519987825	0.924079533735615
Ptprh	-0.0214513103160341	0.164905479609952	-0.130082459156436	0.992055659880885	-0.00925359634087499	0.164905479609952	-0.0561145473319768	0.999578625068804	0.0305985902803141	0.164905479609952	0.185552295488836	0.918482540062188
Ptprj	-0.0286262333862431	0.185688357072842	-0.154162780249133	0.992055659880885	-0.0125092839551523	0.185688357072842	-0.0673670883427823	0.999578625068804	0.0425838497402284	0.185688357072842	0.22932967048399	0.918482540062188
Ptprk	-0.0214513103160341	0.164905479609952	-0.130082459156436	0.992055659880885	-0.00925359634087499	0.164905479609952	-0.0561145473319768	0.999578625068804	0.0305985902803141	0.164905479609952	0.185552295488836	0.918482540062188
Raf1	0.0262158039867664	0.0712512441255069	0.367934683927596	0.992055659880885	0.0173768908460442	0.0712512441255069	0.243881928790399	0.999578625068804	0.00661660612447735	0.0712512441255069	0.0928630258416597	0.926012379880277
Ret	0.0543434464278789	0.50658615278246	0.107273848938416	0.992055659880885	0.473374394921624	0.50658615278246	0.934440059842895	0.999578625068804	-0.0903461443371815	0.50658615278246	-0.178343098880514	0.918482540062188
Ripk3	0.259549318887368	0.259000807484666	1.00211779804098	0.992055659880885	0.0875023900283916	0.259000807484666	0.337846012443695	0.999578625068804	-0.071174422518001	0.259000807484666	-0.274803863390329	0.918482540062188
Ripk4	0.0646181125150232	0.296746775761511	0.217755061867818	0.992055659880885	0.165848298198456	0.296746775761511	0.558888290438393	0.999578625068804	-0.0899350659916618	0.296746775761511	-0.303070069627111	0.918482540062188
Rock1	0.061903682426584	0.179527598417256	0.344814295809318	0.992055659880885	0.225238612255929	0.179527598417256	1.25461831073144	0.999578625068804	-0.0830884252519456	0.179527598417256	-0.462817004095563	0.918482540062188
Rock2	0.0156451648968764	0.161139929122978	0.097090553421656	0.992055659880885	-0.260919184067654	0.161139929122978	-1.61920875532051	0.999578625068804	-0.072857016921979	0.161139929122978	-0.45213509350855	0.918482540062188
Rps6ka1	0.14507885472471	0.149901066924363	0.967830701284563	0.992055659880885	0.125297922419676	0.149901066924363	0.835870784581532	0.999578625068804	0.346762813635444	0.149901066924363	2.31327782216796	0.54615686354186
Rps6ka3	0.342977856280715	0.166260386763215	2.0628958163629	0.873176025048122	0.110077161211415	0.166260386763215	0.662076898498888	0.999578625068804	0.16175456301598	0.166260386763215	0.972898993951861	0.918482540062188
Rps6ka5	0.0734926073862719	0.121505294179246	0.604851071574337	0.992055659880885	0.0109786555111569	0.121505294179246	0.0903553675197159	0.999578625068804	-0.0304193199960154	0.121505294179246	-0.250353864837696	0.918482540062188
Rps6kb1	0.00302831738382586	0.148218040262479	0.0204315033342974	0.992642685423546	0.0460858721837392	0.148218040262479	0.310932947852541	0.999578625068804	-0.0540864133673479	0.148218040262479	-0.364911135456699	0.918482540062188
Sgk1	-0.0546319573778881	0.221836791044221	-0.246270950461945	0.992055659880885	-0.377671069468749	0.221836791044221	-1.70247264978452	0.999578625068804	-0.085165493038691	0.221836791044221	-0.383910588671084	0.918482540062188
Sik1	0.0370701172142391	0.290769106876656	0.127489875428769	0.992055659880885	-0.198207760173609	0.290769106876656	-0.681667190516524	0.999578625068804	-0.0937972498564043	0.290769106876656	-0.322583271874866	0.918482540062188
Sik2	0.0569155810606553	0.523263441502092	0.108770413803938	0.992055659880885	-0.71241175445554	0.523263441502092	-1.36147817323235	0.999578625068804	-0.100631565610171	0.523263441502092	-0.192315299768116	0.918482540062188
Slk	-1.2941652411138	0.544281912694099	-2.3777480216234	0.867590399863133	0.641530214791881	0.544281912694099	1.17867266912549	0.999578625068804	-0.0980846225511427	0.544281912694099	-0.18020922662236	0.918482540062188
Src	-0.0334944057738161	0.0766278490675102	-0.43710486698259	0.992055659880885	-0.0289704013834122	0.0766278490675102	-0.378066221823463	0.999578625068804	-0.0900546119937268	0.0766278490675102	-1.1752204073272	0.918482540062188
Srpk1	-0.584357992543804	0.51040317279506	-1.14489490600882	0.992055659880885	0.0266036533454994	0.51040317279506	0.052122821258757	0.999578625068804	-0.0842314848719932	0.51040317279506	-0.165029312828771	0.918482540062188
Stk11	-0.105127534856077	0.213660963370896	-0.492029677286368	0.992055659880885	0.628809266792099	0.213660963370896	2.94302364302524	0.342899892555296	-0.0685396893727473	0.213660963370896	-0.320787140015692	0.918482540062188
Stk17b	0.0549807293383369	0.368706593742829	0.149117835892801	0.992055659880885	-0.586293199635273	0.368706593742829	-1.5901348377952	0.999578625068804	-0.0865302196515965	0.368706593742829	-0.234685848097284	0.918482540062188
Stk39	-0.146372156756943	0.310472606334771	-0.471449505593791	0.992055659880885	-0.0686804205138209	0.310472606334771	-0.221212497052849	0.999578625068804	-0.0958616896355618	0.310472606334771	-0.30876054015599	0.918482540062188
Stk4	-0.602307579989769	0.369368503067952	-1.63064141903557	0.992055659880885	0.678939446886608	0.369368503067952	1.83810866721818	0.999578625068804	-0.0871725949480559	0.369368503067952	-0.236004408129025	0.918482540062188
Syk	0.0455494459567926	0.139561991120728	0.326374291388477	0.992055659880885	-0.13057089913094	0.139561991120728	-0.935576356301694	0.999578625068804	-0.0795853832258713	0.139561991120728	-0.570251130603502	0.918482540062188
Tbk1	0.0204789913814935	0.143305216918832	0.142904716393492	0.992055659880885	0.256472685502273	0.143305216918832	1.78969538595053	0.999578625068804	-0.0805647352786522	0.143305216918832	-0.562189828192256	0.918482540062188
Tec	0.0513787576234168	0.577350269189626	0.0889906186335247	0.992055659880885	-0.274755359750108	0.577350269189626	-0.475890242739052	0.999578625068804	-0.181915093701717	0.577350269189626	-0.315086184955028	0.918482540062188
Tek	0.103680930551986	1	0.103680930551986	0.992055659880885	-0.717319247658657	1	-0.717319247658658	0.999578625068804	-0.181915093701717	1	-0.181915093701717	0.918482540062188
Tie1	0.0166698264391297	0.508975864102801	0.0327517032040694	0.992055659880885	-0.336494563310943	0.508975864102801	-0.661120864550425	0.999578625068804	-0.090381395139131	0.508975864102801	-0.177575011928024	0.918482540062188
Trpm7	-0.0456620672199029	0.269298791434321	-0.169559124185818	0.992055659880885	-0.0984442809926636	0.269298791434321	-0.365557826933928	0.999578625068804	-0.10871988114706	0.269298791434321	-0.403714701310034	0.918482540062188
Tssk3	0.0525646886359582	0.508241149091161	0.103424700518552	0.992055659880885	-1.87451392633612	0.508241149091161	-3.68823722693083	0.0476465576070795	-0.089682547759938	0.508241149091161	-0.176456683840552	0.918482540062188
Tssk4	0.898946211134589	0.287605295118444	3.12562468908779	0.124790909803967	0.00106728553632261	0.287605295118444	0.00371093840912445	0.999578625068804	-0.0687399887160083	0.287605295118444	-0.239008077677079	0.918482540062188
Ulk1	0.351725422018653	0.447213595499958	0.786481953048509	0.992055659880885	0.117776644177357	0.447213595499958	0.263356582542376	0.999578625068804	-0.181915093701717	0.447213595499958	-0.406774515650284	0.918482540062188
Wnk1	-0.40923064866789	0.336936978282152	-1.21456140182156	0.992055659880885	-0.70542336738738	0.336936978282152	-2.09363594041808	0.999578625068804	-0.106320979222415	0.336936978282152	-0.315551530628917	0.918482540062188
Wnk4	0.051805668982689	0.374970151489952	0.138159447563594	0.992055659880885	0.250176169092324	0.374970151489952	0.667189556550685	0.999578625068804	-0.119469230410966	0.374970151489952	-0.318609974517312	0.918482540062188
Yes1	0.0274564062370379	0.150023173009265	0.183014434945609	0.992055659880885	-0.137759763238433	0.150023173009265	-0.918256563137254	0.999578625068804	-0.0407141898210292	0.150023173009265	-0.271386006603892	0.918482540062188
